0 0.05947136563876652 0.14317180616740088 0.1145374449339207 0.07268722466960352
0 0.3303964757709251 0.15638766519823788 0.19383259911894274 0.04405286343612335
0 0.5991189427312775 0.16079295154185022 0.2290748898678414 0.07268722466960352
0 0.8480176211453745 0.16519823788546256 0.2092511013215859 0.06387665198237885
0 0.6101321585903083 0.9008810572687225 0.21145374449339208 0.06828193832599119
0 0.3524229074889868 0.8634361233480177 0.21585903083700442 0.1013215859030837
0 0.09911894273127753 0.8920704845814978 0.17180616740088106 0.07048458149779736
0 0.0881057268722467 0.7775330396475771 0.15638766519823788 0.07268722466960352
0 0.3502202643171806 0.73568281938326 0.2290748898678414 0.05066079295154185
0 0.6079295154185022 0.7533039647577092 0.22246696035242292 0.05066079295154185
0 0.34140969162995594 0.2577092511013216 0.1894273127753304 0.07268722466960352
0 0.06167400881057269 0.2555066079295154 0.1145374449339207 0.06607929515418502