0 0.15418502202643172 0.6387665198237885 0.03303964757709251 0.028634361233480177
0 0.23127753303964757 0.5903083700440529 0.03524229074889868 0.037444933920704845
0 0.31057268722466963 0.6541850220264317 0.03524229074889868 0.039647577092511016
0 0.33259911894273125 0.539647577092511 0.03524229074889868 0.037444933920704845
0 0.3854625550660793 0.6079295154185022 0.039647577092511016 0.03524229074889868
0 0.4052863436123348 0.513215859030837 0.03303964757709251 0.037444933920704845
0 0.4713656387665198 0.5594713656387665 0.03524229074889868 0.04185022026431718
0 0.4911894273127753 0.47577092511013214 0.03524229074889868 0.037444933920704845
0 0.5352422907488987 0.6101321585903083 0.03303964757709251 0.04185022026431718
0 0.5594713656387665 0.513215859030837 0.039647577092511016 0.03524229074889868
0 0.5859030837004405 0.6387665198237885 0.03524229074889868 0.04185022026431718
0 0.6167400881057269 0.5418502202643172 0.03524229074889868 0.03524229074889868
0 0.6762114537444934 0.5704845814977973 0.03303964757709251 0.03524229074889868
0 0.7312775330396476 0.5947136563876652 0.030837004405286344 0.03303964757709251