1 0.0881057268722467 0.2599118942731278 0.06387665198237885 0.10352422907488987
1 0.2621145374449339 0.24008810572687225 0.07268722466960352 0.07709251101321586
1 0.460352422907489 0.28854625550660795 0.06828193832599119 0.07268722466960352
1 0.579295154185022 0.2444933920704846 0.03524229074889868 0.07048458149779736
1 0.6189427312775331 0.2444933920704846 0.04185022026431718 0.06167400881057269
1 0.6409691629955947 0.20044052863436124 0.04185022026431718 0.05286343612334802
1 0.73568281938326 0.2511013215859031 0.039647577092511016 0.048458149779735685
1 0.40969162995594716 0.41409691629955947 0.048458149779735685 0.07709251101321586
1 0.45374449339207046 0.4801762114537445 0.05066079295154185 0.07268722466960352
1 0.30176211453744495 0.4118942731277533 0.039647577092511016 0.07268722466960352
1 0.2555066079295154 0.43612334801762115 0.046255506607929514 0.07048458149779736
1 0.2753303964757709 0.5506607929515418 0.039647577092511016 0.09251101321585903
1 0.22026431718061673 0.552863436123348 0.05066079295154185 0.07929515418502203