1 0.7004405286343612 0.9361233480176211 0.0881057268722467 0.06167400881057269
1 0.36784140969163 0.9427312775330396 0.11233480176211454 0.06167400881057269
1 0.5682819383259912 0.8171806167400881 0.0947136563876652 0.05726872246696035
1 0.6145374449339207 0.4977973568281938 0.0881057268722467 0.05726872246696035
1 0.5704845814977973 0.2488986784140969 0.09911894273127753 0.06167400881057269
1 0.5176211453744494 0.14977973568281938 0.09911894273127753 0.06167400881057269
1 0.45374449339207046 0.1960352422907489 0.07709251101321586 0.06167400881057269
1 0.473568281938326 0.4977973568281938 0.10792951541850221 0.05506607929515418
1 0.5022026431718062 0.5859030837004405 0.0947136563876652 0.07048458149779736
1 0.45154185022026433 0.6563876651982379 0.1013215859030837 0.07268722466960352
1 0.3876651982378855 0.4581497797356828 0.07929515418502203 0.06828193832599119
1 0.27312775330396477 0.44713656387665196 0.1299559471365639 0.07709251101321586
1 0.29515418502202645 0.3722466960352423 0.06828193832599119 0.048458149779735685
1 0.33259911894273125 0.29955947136563876 0.0947136563876652 0.06167400881057269
1 0.2356828193832599 0.29295154185022027 0.07709251101321586 0.05726872246696035
1 0.21585903083700442 0.1960352422907489 0.07709251101321586 0.06167400881057269