1 0.11013215859030837 0.3766519823788546 0.06167400881057269 0.12555066079295155
1 0.2841409691629956 0.16519823788546256 0.07268722466960352 0.05286343612334802
1 0.20704845814977973 0.024229074889867842 0.07709251101321586 0.048458149779735685
1 0.36123348017621143 0.11894273127753303 0.05726872246696035 0.06387665198237885
1 0.4118942731277533 0.1211453744493392 0.03303964757709251 0.048458149779735685
1 0.4889867841409692 0.17400881057268722 0.024229074889867842 0.07488986784140969
1 0.5925110132158591 0.13656387665198239 0.05726872246696035 0.07268722466960352
1 0.6123348017621145 0.06387665198237885 0.05506607929515418 0.07268722466960352
1 0.7775330396475771 0.18502202643171806 0.046255506607929514 0.04185022026431718
1 0.7863436123348018 0.2555066079295154 0.03524229074889868 0.03524229074889868
1 0.8325991189427313 0.27973568281938327 0.028634361233480177 0.0881057268722467
1 0.9383259911894273 0.3722466960352423 0.039647577092511016 0.05726872246696035
1 0.7444933920704846 0.381057268722467 0.024229074889867842 0.06828193832599119
1 0.698237885462555 0.3237885462555066 0.028634361233480177 0.06828193832599119
1 0.6365638766519823 0.2907488986784141 0.05726872246696035 0.046255506607929514
1 0.539647577092511 0.31277533039647576 0.06607929515418502 0.0881057268722467
1 0.4581497797356828 0.2511013215859031 0.019823788546255508 0.037444933920704845
1 0.45374449339207046 0.21585903083700442 0.03303964757709251 0.03303964757709251
1 0.4647577092511013 0.1960352422907489 0.019823788546255508 0.019823788546255508
1 0.41409691629955947 0.3502202643171806 0.030837004405286344 0.05506607929515418
1 0.3920704845814978 0.30176211453744495 0.04185022026431718 0.030837004405286344
1 0.34801762114537443 0.2533039647577093 0.04405286343612335 0.03524229074889868
1 0.4008810572687225 0.4801762114537445 0.028634361233480177 0.030837004405286344
1 0.4052863436123348 0.394273127753304 0.046255506607929514 0.039647577092511016
1 0.3370044052863436 0.5286343612334802 0.030837004405286344 0.04185022026431718
1 0.3458149779735683 0.6233480176211453 0.028634361233480177 0.05066079295154185
1 0.30176211453744495 0.6850220264317181 0.05066079295154185 0.05947136563876652
1 0.21585903083700442 0.7268722466960352 0.019823788546255508 0.048458149779735685
1 0.14537444933920704 0.7687224669603524 0.028634361233480177 0.05066079295154185
1 0.1696035242290749 0.6123348017621145 0.022026431718061675 0.046255506607929514
1 0.24669603524229075 0.5881057268722467 0.028634361233480177 0.028634361233480177
1 0.24669603524229075 0.9229074889867841 0.037444933920704845 0.039647577092511016
1 0.22687224669603523 0.8832599118942731 0.019823788546255508 0.03303964757709251
1 0.2841409691629956 0.9030837004405287 0.03303964757709251 0.03303964757709251
1 0.27973568281938327 0.8524229074889867 0.019823788546255508 0.030837004405286344
1 0.34140969162995594 0.9030837004405287 0.024229074889867842 0.03303964757709251
1 0.40308370044052866 0.7268722466960352 0.028634361233480177 0.037444933920704845
1 0.6057268722466961 0.4911894273127753 0.07929515418502203 0.07929515418502203
1 0.6343612334801763 0.4118942731277533 0.028634361233480177 0.05066079295154185
1 0.8215859030837004 0.4889867841409692 0.048458149779735685 0.028634361233480177
1 0.9383259911894273 0.5594713656387665 0.03303964757709251 0.06387665198237885
1 0.8149779735682819 0.6740088105726872 0.028634361233480177 0.05066079295154185
1 0.7775330396475771 0.6035242290748899 0.03524229074889868 0.03303964757709251
1 0.7555066079295154 0.6123348017621145 0.022026431718061675 0.046255506607929514
1 0.6872246696035242 0.579295154185022 0.028634361233480177 0.04185022026431718
1 0.7180616740088106 0.6784140969162996 0.030837004405286344 0.046255506607929514
1 0.5594713656387665 0.5704845814977973 0.03524229074889868 0.05506607929515418
1 0.5881057268722467 0.8546255506607929 0.04185022026431718 0.06828193832599119
1 0.6453744493392071 0.8480176211453745 0.05066079295154185 0.06387665198237885
1 0.6850220264317181 0.8325991189427313 0.028634361233480177 0.05506607929515418
1 0.6806167400881057 0.9669603524229075 0.019823788546255508 0.06387665198237885
1 0.4008810572687225 0.9537444933920705 0.046255506607929514 0.046255506607929514
1 0.7775330396475771 0.9140969162995595 0.037444933920704845 0.05726872246696035
1 0.7599118942731278 0.7555066079295154 0.028634361233480177 0.04185022026431718
1 0.8854625550660793 0.8039647577092511 0.02643171806167401 0.03524229074889868