1 0.775330396475771 0.10352422907488987 0.05066079295154185 0.08149779735682819
1 0.7158590308370044 0.33480176211453744 0.046255506607929514 0.11013215859030837
1 0.6828193832599119 0.18502202643171806 0.05066079295154185 0.09030837004405286
1 0.5925110132158591 0.1828193832599119 0.04405286343612335 0.0881057268722467
1 0.5418502202643172 0.08590308370044053 0.05066079295154185 0.1013215859030837
1 0.5594713656387665 0.2555066079295154 0.05726872246696035 0.08370044052863436
1 0.6255506607929515 0.3700440528634361 0.05506607929515418 0.10792951541850221
1 0.6629955947136564 0.460352422907489 0.05066079295154185 0.11233480176211454
1 0.7268722466960352 0.73568281938326 0.06167400881057269 0.08149779735682819
1 0.566079295154185 0.8546255506607929 0.06607929515418502 0.1299559471365639
1 0.5484581497797357 0.5330396475770925 0.046255506607929514 0.09911894273127753
1 0.5066079295154186 0.6651982378854625 0.05726872246696035 0.12334801762114538
1 0.4779735682819383 0.6079295154185022 0.03524229074889868 0.10572687224669604
1 0.5110132158590308 0.5506607929515418 0.048458149779735685 0.1211453744493392
1 0.5022026431718062 0.3722466960352423 0.05506607929515418 0.12334801762114538
1 0.3854625550660793 0.4669603524229075 0.05726872246696035 0.0947136563876652
1 0.32158590308370044 0.24008810572687225 0.06387665198237885 0.11894273127753303
1 0.31057268722466963 0.05066079295154185 0.046255506607929514 0.08149779735682819
1 0.0881057268722467 0.16079295154185022 0.06167400881057269 0.1013215859030837
1 0.2599118942731278 0.3590308370044053 0.05066079295154185 0.0947136563876652
1 0.4251101321585903 0.5837004405286343 0.05726872246696035 0.12555066079295155
1 0.13215859030837004 0.7466960352422908 0.05286343612334802 0.12555066079295155
1 0.09691629955947137 0.8678414096916299 0.05066079295154185 0.1299559471365639
1 0.16299559471365638 0.4647577092511013 0.06167400881057269 0.1277533039647577
1 0.09030837004405286 0.6101321585903083 0.06167400881057269 0.10572687224669604
1 0.037444933920704845 0.6938325991189427 0.04185022026431718 0.0947136563876652