1 0.8634361233480177 0.10792951541850221 0.09691629955947137 0.11674008810572688
1 0.5044052863436124 0.28634361233480177 0.06387665198237885 0.0947136563876652
1 0.29295154185022027 0.1343612334801762 0.03524229074889868 0.06607929515418502
1 0.08590308370044053 0.14537444933920704 0.07048458149779736 0.0881057268722467
1 0.2422907488986784 0.31938325991189426 0.0947136563876652 0.14096916299559473
1 0.21145374449339208 0.44713656387665196 0.07268722466960352 0.13656387665198239
1 0.08370044052863436 0.5506607929515418 0.08370044052863436 0.11894273127753303
1 0.3303964757709251 0.6189427312775331 0.06167400881057269 0.09251101321585903
1 0.3039647577092511 0.8524229074889867 0.08370044052863436 0.1343612334801762
1 0.28193832599118945 0.9361233480176211 0.06167400881057269 0.1145374449339207
1 0.42731277533039647 0.9493392070484582 0.04405286343612335 0.04405286343612335
1 0.5506607929515418 0.7819383259911894 0.048458149779735685 0.05947136563876652
1 0.5748898678414097 0.6541850220264317 0.05947136563876652 0.06828193832599119
1 0.6916299559471366 0.3766519823788546 0.06167400881057269 0.08590308370044053
1 0.8524229074889867 0.3766519823788546 0.0947136563876652 0.10792951541850221
1 0.7444933920704846 0.5859030837004405 0.05726872246696035 0.10352422907488987
1 0.8083700440528634 0.6828193832599119 0.08370044052863436 0.10352422907488987
1 0.8700440528634361 0.7951541850220264 0.03303964757709251 0.05506607929515418
1 0.8171806167400881 0.8458149779735683 0.07048458149779736 0.09251101321585903
1 0.42951541850220265 0.8876651982378855 0.05066079295154185 0.08370044052863436