1 0.9691629955947136 0.5088105726872246 0.03524229074889868 0.0947136563876652
1 0.7907488986784141 0.579295154185022 0.03524229074889868 0.06167400881057269
1 0.8083700440528634 0.4779735682819383 0.028634361233480177 0.07268722466960352
1 0.7026431718061674 0.5022026431718062 0.028634361233480177 0.07268722466960352
1 0.6497797356828194 0.42731277533039647 0.03524229074889868 0.08590308370044053
1 0.6255506607929515 0.44052863436123346 0.03524229074889868 0.05066079295154185
1 0.552863436123348 0.526431718061674 0.03524229074889868 0.05726872246696035
1 0.5110132158590308 0.44933920704845814 0.03303964757709251 0.046255506607929514
1 0.5022026431718062 0.5947136563876652 0.03524229074889868 0.07268722466960352
1 0.43612334801762115 0.7907488986784141 0.04405286343612335 0.06387665198237885
1 0.43832599118942733 0.5506607929515418 0.028634361233480177 0.06167400881057269
1 0.4889867841409692 0.4801762114537445 0.03524229074889868 0.06387665198237885
1 0.3920704845814978 0.5837004405286343 0.02643171806167401 0.05066079295154185
1 0.3656387665198238 0.6101321585903083 0.03524229074889868 0.07268722466960352
1 0.3237885462555066 0.6762114537444934 0.03524229074889868 0.06828193832599119
1 0.3303964757709251 0.5726872246696035 0.037444933920704845 0.06828193832599119
1 0.3436123348017621 0.4845814977973568 0.03524229074889868 0.06167400881057269
1 0.19162995594713655 0.5726872246696035 0.028634361233480177 0.05947136563876652
1 0.16519823788546256 0.44933920704845814 0.039647577092511016 0.05066079295154185
1 0.09691629955947137 0.5594713656387665 0.03303964757709251 0.06387665198237885
1 0.06828193832599119 0.7665198237885462 0.037444933920704845 0.05947136563876652
1 0.06607929515418502 0.6343612334801763 0.037444933920704845 0.07268722466960352
1 0.09691629955947137 0.6123348017621145 0.03524229074889868 0.06828193832599119