1 0.44933920704845814 0.9383259911894273 0.039647577092511016 0.05506607929515418
1 0.5154185022026432 0.9625550660792952 0.05066079295154185 0.04405286343612335
1 0.5 0.801762114537445 0.048458149779735685 0.04185022026431718
1 0.5484581497797357 0.7268722466960352 0.05726872246696035 0.05506607929515418
1 0.539647577092511 0.6872246696035242 0.03303964757709251 0.05066079295154185
1 0.48237885462555063 0.5814977973568282 0.037444933920704845 0.05066079295154185
1 0.5352422907488987 0.513215859030837 0.030837004405286344 0.05066079295154185
1 0.43612334801762115 0.5022026431718062 0.048458149779735685 0.05506607929515418
1 0.30616740088105726 0.40308370044052866 0.04185022026431718 0.06828193832599119
1 0.4669603524229075 0.40748898678414097 0.039647577092511016 0.04405286343612335
1 0.513215859030837 0.4845814977973568 0.04185022026431718 0.05066079295154185
1 0.44493392070484583 0.3370044052863436 0.03524229074889868 0.039647577092511016
1 0.42731277533039647 0.2973568281938326 0.05066079295154185 0.05506607929515418
1 0.3832599118942731 0.2356828193832599 0.046255506607929514 0.05506607929515418
1 0.45154185022026433 0.2444933920704846 0.04405286343612335 0.05726872246696035
1 0.5110132158590308 0.2643171806167401 0.039647577092511016 0.05066079295154185
1 0.45154185022026433 0.03524229074889868 0.039647577092511016 0.04405286343612335
1 0.5330396475770925 0.015418502202643172 0.03303964757709251 0.028634361233480177