1 0.6343612334801763 0.24669603524229075 0.028634361233480177 0.07268722466960352
1 0.6079295154185022 0.2907488986784141 0.039647577092511016 0.05726872246696035
1 0.5594713656387665 0.3634361233480176 0.03303964757709251 0.05726872246696035
1 0.4933920704845815 0.3832599118942731 0.024229074889867842 0.08370044052863436
1 0.4052863436123348 0.45154185022026433 0.022026431718061675 0.06828193832599119
1 0.4779735682819383 0.473568281938326 0.015418502202643172 0.07048458149779736
1 0.539647577092511 0.5220264317180616 0.011013215859030838 0.05947136563876652
1 0.5506607929515418 0.5022026431718062 0.011013215859030838 0.046255506607929514
1 0.6431718061674009 0.5748898678414097 0.015418502202643172 0.05726872246696035
1 0.6343612334801763 0.6167400881057269 0.019823788546255508 0.05066079295154185
1 0.6167400881057269 0.6365638766519823 0.022026431718061675 0.06828193832599119
1 0.698237885462555 0.6255506607929515 0.019823788546255508 0.046255506607929514
1 0.7951541850220264 0.6387665198237885 0.03524229074889868 0.06387665198237885
1 0.7775330396475771 0.7202643171806168 0.028634361233480177 0.046255506607929514