1 0.07048458149779736 0.473568281938326 0.0881057268722467 0.09911894273127753
1 0.17841409691629956 0.3898678414096916 0.1013215859030837 0.10572687224669604
1 0.19383259911894274 0.473568281938326 0.08590308370044053 0.09691629955947137
1 0.32599118942731276 0.43612334801762115 0.07488986784140969 0.0881057268722467
1 0.3524229074889868 0.33259911894273125 0.0947136563876652 0.08590308370044053
1 0.40969162995594716 0.3744493392070485 0.05066079295154185 0.05726872246696035
1 0.45154185022026433 0.34140969162995594 0.08590308370044053 0.09030837004405286
1 0.6101321585903083 0.31718061674008813 0.07929515418502203 0.09030837004405286
1 0.473568281938326 0.4801762114537445 0.08370044052863436 0.07488986784140969
1 0.4911894273127753 0.4647577092511013 0.08370044052863436 0.06167400881057269
1 0.4889867841409692 0.6057268722466961 0.07048458149779736 0.08370044052863436
1 0.6013215859030837 0.6299559471365639 0.07048458149779736 0.09691629955947137
1 0.6850220264317181 0.6299559471365639 0.05506607929515418 0.14317180616740088
1 0.7951541850220264 0.6872246696035242 0.08370044052863436 0.0881057268722467
1 0.8502202643171806 0.6585903083700441 0.07268722466960352 0.13215859030837004
1 0.8942731277533039 0.6784140969162996 0.05506607929515418 0.1145374449339207
1 0.933920704845815 0.2775330396475771 0.06828193832599119 0.0947136563876652
1 0.9052863436123348 0.8458149779735683 0.07048458149779736 0.10352422907488987
1 0.8370044052863436 0.8039647577092511 0.08370044052863436 0.11233480176211454