1 0.15418502202643172 0.6233480176211453 0.08370044052863436 0.18061674008810572
1 0.2026431718061674 0.775330396475771 0.08370044052863436 0.14317180616740088
1 0.36123348017621143 0.8898678414096917 0.07709251101321586 0.13215859030837004
1 0.5176211453744494 0.8524229074889867 0.09030837004405286 0.14757709251101322
1 0.3986784140969163 0.7026431718061674 0.08370044052863436 0.15418502202643172
1 0.27973568281938327 0.566079295154185 0.07709251101321586 0.14757709251101322
1 0.09030837004405286 0.40748898678414097 0.07709251101321586 0.15859030837004406
1 0.2026431718061674 0.2753303964757709 0.07268722466960352 0.14757709251101322
1 0.42290748898678415 0.3303964757709251 0.06167400881057269 0.1145374449339207
1 0.42731277533039647 0.05506607929515418 0.06828193832599119 0.11013215859030837
1 0.4713656387665198 0.5110132158590308 0.09030837004405286 0.14317180616740088
1 0.4779735682819383 0.6299559471365639 0.09030837004405286 0.14757709251101322
1 0.7092511013215859 0.8964757709251101 0.07709251101321586 0.1145374449339207
1 0.5770925110132159 0.5352422907488987 0.08370044052863436 0.1960352422907489
1 0.8854625550660793 0.8259911894273128 0.0947136563876652 0.1145374449339207
1 0.801762114537445 0.460352422907489 0.08370044052863436 0.1211453744493392
1 0.7797356828193832 0.2841409691629956 0.07268722466960352 0.13215859030837004
1 0.8744493392070485 0.0881057268722467 0.09030837004405286 0.13656387665198239