1 0.41629955947136565 0.9779735682819384 0.1211453744493392 0.04405286343612335
1 0.31497797356828194 0.9427312775330396 0.0947136563876652 0.1145374449339207
1 0.2422907488986784 0.7092511013215859 0.0881057268722467 0.1145374449339207
1 0.2665198237885463 0.47577092511013214 0.09911894273127753 0.13656387665198239
1 0.3656387665198238 0.6541850220264317 0.1013215859030837 0.12555066079295155
1 0.45594713656387664 0.8303964757709251 0.09911894273127753 0.1145374449339207
1 0.6497797356828194 0.9449339207048458 0.09911894273127753 0.11013215859030837
1 0.6123348017621145 0.6167400881057269 0.07709251101321586 0.0947136563876652
1 0.7951541850220264 0.6101321585903083 0.07268722466960352 0.10572687224669604
1 0.4933920704845815 0.5440528634361234 0.0947136563876652 0.13656387665198239
1 0.41409691629955947 0.5330396475770925 0.09911894273127753 0.13656387665198239
1 0.2356828193832599 0.18722466960352424 0.07709251101321586 0.1145374449339207
1 0.47577092511013214 0.3854625550660793 0.13215859030837004 0.12555066079295155
1 0.526431718061674 0.05506607929515418 0.07929515418502203 0.11013215859030837
1 0.6431718061674009 0.08370044052863436 0.0881057268722467 0.11013215859030837