1 0.8678414096916299 0.526431718061674 0.08370044052863436 0.07268722466960352
1 0.6872246696035242 0.552863436123348 0.07268722466960352 0.06828193832599119
1 0.6563876651982379 0.42070484581497797 0.07048458149779736 0.07268722466960352
1 0.9140969162995595 0.7444933920704846 0.06828193832599119 0.08370044052863436
1 0.8854625550660793 0.8964757709251101 0.05947136563876652 0.05726872246696035
1 0.7973568281938326 0.7797356828193832 0.05726872246696035 0.05947136563876652
1 0.8215859030837004 0.6828193832599119 0.06387665198237885 0.06387665198237885
1 0.748898678414097 0.8612334801762115 0.05066079295154185 0.07268722466960352
1 0.6541850220264317 0.9118942731277533 0.04185022026431718 0.07048458149779736
1 0.5330396475770925 0.8964757709251101 0.08149779735682819 0.06828193832599119
1 0.6453744493392071 0.8061674008810573 0.06387665198237885 0.06387665198237885
1 0.566079295154185 0.73568281938326 0.09251101321585903 0.07709251101321586
1 0.4801762114537445 0.8171806167400881 0.05726872246696035 0.07268722466960352
1 0.4647577092511013 0.7466960352422908 0.05506607929515418 0.05506607929515418
1 0.6740088105726872 0.6872246696035242 0.07929515418502203 0.09911894273127753
1 0.5682819383259912 0.5022026431718062 0.09911894273127753 0.08370044052863436
1 0.5198237885462555 0.6387665198237885 0.09911894273127753 0.07268722466960352
1 0.42070484581497797 0.6519823788546255 0.06167400881057269 0.05506607929515418
1 0.4669603524229075 0.5352422907488987 0.06828193832599119 0.07709251101321586
1 0.5 0.3766519823788546 0.05286343612334802 0.06828193832599119
1 0.42290748898678415 0.3524229074889868 0.06167400881057269 0.07929515418502203
1 0.2488986784140969 0.31057268722466963 0.05726872246696035 0.05286343612334802
1 0.19162995594713655 0.21145374449339208 0.08370044052863436 0.08149779735682819
1 0.08370044052863436 0.17400881057268722 0.05286343612334802 0.08590308370044053
1 0.06387665198237885 0.08149779735682819 0.046255506607929514 0.06607929515418502
1 0.3634361233480176 0.5506607929515418 0.06167400881057269 0.08149779735682819
1 0.31497797356828194 0.5903083700440529 0.05947136563876652 0.08590308370044053
1 0.4118942731277533 0.46916299559471364 0.07929515418502203 0.08590308370044053
1 0.2973568281938326 0.4779735682819383 0.06607929515418502 0.07268722466960352
1 0.33259911894273125 0.4052863436123348 0.04185022026431718 0.05506607929515418
1 0.29295154185022027 0.43392070484581496 0.046255506607929514 0.06828193832599119
1 0.2709251101321586 0.4052863436123348 0.06167400881057269 0.07709251101321586
1 0.801762114537445 0.6035242290748899 0.039647577092511016 0.046255506607929514
1 0.7400881057268722 0.7290748898678414 0.04405286343612335 0.046255506607929514
1 0.5903083700440529 0.5881057268722467 0.05286343612334802 0.06828193832599119
1 0.7907488986784141 0.4933920704845815 0.04405286343612335 0.04405286343612335
1 0.6674008810572687 0.46916299559471364 0.037444933920704845 0.04185022026431718
1 0.73568281938326 0.4933920704845815 0.03524229074889868 0.039647577092511016
1 0.7268722466960352 0.6321585903083701 0.05726872246696035 0.06167400881057269
1 0.5 0.5638766519823789 0.03524229074889868 0.03524229074889868
1 0.30616740088105726 0.31057268722466963 0.04185022026431718 0.05506607929515418
1 0.42290748898678415 0.4118942731277533 0.030837004405286344 0.039647577092511016
1 0.5925110132158591 0.45154185022026433 0.039647577092511016 0.04405286343612335
1 0.4955947136563877 0.44713656387665196 0.05506607929515418 0.037444933920704845
1 0.44493392070484583 0.486784140969163 0.046255506607929514 0.046255506607929514
1 0.539647577092511 0.4118942731277533 0.03524229074889868 0.05506607929515418