1 0.13215859030837004 0.526431718061674 0.08370044052863436 0.07268722466960352
1 0.31277533039647576 0.552863436123348 0.07268722466960352 0.06828193832599119
1 0.3436123348017621 0.42070484581497797 0.07048458149779736 0.07268722466960352
1 0.08590308370044053 0.7444933920704846 0.06828193832599119 0.08370044052863436
1 0.11674008810572688 0.8964757709251101 0.05947136563876652 0.05726872246696035
1 0.2026431718061674 0.7797356828193832 0.05726872246696035 0.05947136563876652
1 0.18061674008810572 0.6828193832599119 0.06387665198237885 0.06387665198237885
1 0.2511013215859031 0.8612334801762115 0.05286343612334802 0.07268722466960352
1 0.34801762114537443 0.9118942731277533 0.04185022026431718 0.07048458149779736
1 0.4669603524229075 0.8964757709251101 0.08149779735682819 0.06828193832599119
1 0.35462555066079293 0.8061674008810573 0.06387665198237885 0.06387665198237885
1 0.43612334801762115 0.73568281938326 0.09251101321585903 0.07709251101321586
1 0.5198237885462555 0.8171806167400881 0.05726872246696035 0.07268722466960352
1 0.5374449339207048 0.7466960352422908 0.05506607929515418 0.05506607929515418
1 0.32819383259911894 0.6872246696035242 0.07929515418502203 0.09911894273127753
1 0.43392070484581496 0.5022026431718062 0.09911894273127753 0.08370044052863436
1 0.48237885462555063 0.6387665198237885 0.09911894273127753 0.07268722466960352
1 0.5814977973568282 0.6519823788546255 0.06167400881057269 0.05506607929515418
1 0.5330396475770925 0.5352422907488987 0.06828193832599119 0.07709251101321586
1 0.5022026431718062 0.3766519823788546 0.05286343612334802 0.06828193832599119
1 0.579295154185022 0.3524229074889868 0.06167400881057269 0.07929515418502203
1 0.751101321585903 0.31057268722466963 0.05726872246696035 0.05286343612334802
1 0.8083700440528634 0.21145374449339208 0.08370044052863436 0.08149779735682819
1 0.9162995594713657 0.17400881057268722 0.05286343612334802 0.08590308370044053
1 0.9361233480176211 0.08149779735682819 0.046255506607929514 0.06607929515418502
1 0.6365638766519823 0.5506607929515418 0.06167400881057269 0.08149779735682819
1 0.6850220264317181 0.5903083700440529 0.05947136563876652 0.08590308370044053
1 0.5903083700440529 0.46916299559471364 0.07929515418502203 0.08590308370044053
1 0.7048458149779736 0.4779735682819383 0.06607929515418502 0.07268722466960352
1 0.6674008810572687 0.4052863436123348 0.04185022026431718 0.05506607929515418
1 0.7092511013215859 0.43392070484581496 0.046255506607929514 0.06828193832599119
1 0.7290748898678414 0.4052863436123348 0.06167400881057269 0.07709251101321586
1 0.19823788546255505 0.6035242290748899 0.039647577092511016 0.046255506607929514
1 0.2599118942731278 0.7290748898678414 0.04405286343612335 0.046255506607929514
1 0.4118942731277533 0.5881057268722467 0.05286343612334802 0.06828193832599119
1 0.21145374449339208 0.4933920704845815 0.04405286343612335 0.04405286343612335
1 0.33259911894273125 0.46916299559471364 0.037444933920704845 0.04185022026431718
1 0.2643171806167401 0.4933920704845815 0.03524229074889868 0.039647577092511016
1 0.27312775330396477 0.6321585903083701 0.05726872246696035 0.06167400881057269
1 0.5 0.5638766519823789 0.03524229074889868 0.03524229074889868
1 0.6938325991189427 0.31057268722466963 0.04185022026431718 0.05506607929515418
1 0.5770925110132159 0.4118942731277533 0.030837004405286344 0.039647577092511016
1 0.40969162995594716 0.45154185022026433 0.039647577092511016 0.04405286343612335
1 0.5044052863436124 0.44713656387665196 0.05506607929515418 0.037444933920704845
1 0.5572687224669604 0.486784140969163 0.046255506607929514 0.046255506607929514
1 0.460352422907489 0.4118942731277533 0.03524229074889868 0.05506607929515418