1 0.47577092511013214 0.8678414096916299 0.07268722466960352 0.08370044052863436
1 0.44713656387665196 0.6872246696035242 0.06828193832599119 0.07268722466960352
1 0.579295154185022 0.6563876651982379 0.07268722466960352 0.07048458149779736
1 0.2555066079295154 0.9140969162995595 0.08370044052863436 0.06828193832599119
1 0.10572687224669604 0.8854625550660793 0.05726872246696035 0.05947136563876652
1 0.22026431718061673 0.7973568281938326 0.05947136563876652 0.05726872246696035
1 0.31718061674008813 0.8215859030837004 0.06387665198237885 0.06387665198237885
1 0.13876651982378854 0.748898678414097 0.07268722466960352 0.05066079295154185
1 0.09030837004405286 0.6541850220264317 0.07048458149779736 0.04185022026431718
1 0.10572687224669604 0.5330396475770925 0.06828193832599119 0.08149779735682819
1 0.1960352422907489 0.6453744493392071 0.06387665198237885 0.06387665198237885
1 0.2643171806167401 0.566079295154185 0.07709251101321586 0.09251101321585903
1 0.1828193832599119 0.4801762114537445 0.07268722466960352 0.05726872246696035
1 0.2555066079295154 0.4647577092511013 0.05506607929515418 0.05506607929515418
1 0.31277533039647576 0.6740088105726872 0.09911894273127753 0.07929515418502203
1 0.4977973568281938 0.5682819383259912 0.08370044052863436 0.09911894273127753
1 0.36123348017621143 0.5198237885462555 0.07268722466960352 0.09911894273127753
1 0.34801762114537443 0.42070484581497797 0.05506607929515418 0.06167400881057269
1 0.4647577092511013 0.4669603524229075 0.07709251101321586 0.06828193832599119
1 0.6233480176211453 0.5 0.06828193832599119 0.05286343612334802
1 0.6497797356828194 0.42290748898678415 0.07929515418502203 0.06167400881057269
1 0.6894273127753304 0.2488986784140969 0.05066079295154185 0.05726872246696035
1 0.788546255506608 0.19162995594713655 0.08149779735682819 0.08370044052863436
1 0.8281938325991189 0.08370044052863436 0.08590308370044053 0.05286343612334802
1 0.9185022026431718 0.06387665198237885 0.06607929515418502 0.046255506607929514
1 0.44933920704845814 0.3634361233480176 0.08149779735682819 0.06167400881057269
1 0.40969162995594716 0.31497797356828194 0.08590308370044053 0.05947136563876652
1 0.5330396475770925 0.4118942731277533 0.08590308370044053 0.07929515418502203
1 0.5220264317180616 0.2973568281938326 0.07048458149779736 0.06607929515418502
1 0.5969162995594713 0.33259911894273125 0.05506607929515418 0.04185022026431718
1 0.566079295154185 0.29295154185022027 0.06828193832599119 0.046255506607929514
1 0.5969162995594713 0.2709251101321586 0.07709251101321586 0.06167400881057269
1 0.3986784140969163 0.801762114537445 0.046255506607929514 0.039647577092511016
1 0.27312775330396477 0.7400881057268722 0.046255506607929514 0.04405286343612335
1 0.4118942731277533 0.5903083700440529 0.06828193832599119 0.05286343612334802
1 0.5088105726872246 0.7907488986784141 0.04405286343612335 0.04405286343612335
1 0.5330396475770925 0.6674008810572687 0.04185022026431718 0.037444933920704845
1 0.5066079295154186 0.73568281938326 0.039647577092511016 0.03524229074889868
1 0.36784140969163 0.7268722466960352 0.06167400881057269 0.05726872246696035
1 0.43612334801762115 0.5 0.03524229074889868 0.03524229074889868
1 0.6916299559471366 0.30616740088105726 0.05506607929515418 0.04185022026431718
1 0.5903083700440529 0.42290748898678415 0.039647577092511016 0.030837004405286344
1 0.5484581497797357 0.5925110132158591 0.04405286343612335 0.039647577092511016
1 0.552863436123348 0.4955947136563877 0.037444933920704845 0.05506607929515418
1 0.513215859030837 0.44493392070484583 0.046255506607929514 0.046255506607929514
1 0.5903083700440529 0.539647577092511 0.05506607929515418 0.03524229074889868