1 0.8854625550660793 0.8281938325991189 0.046255506607929514 0.07488986784140969
1 0.8193832599118943 0.7533039647577092 0.05947136563876652 0.07048458149779736
1 0.9140969162995595 0.14096916299559473 0.05726872246696035 0.09251101321585903
1 0.8876651982378855 0.028634361233480177 0.03303964757709251 0.04185022026431718
1 0.737885462555066 0.7731277533039648 0.06828193832599119 0.07488986784140969
1 0.6784140969162996 0.7180616740088106 0.07048458149779736 0.08149779735682819
1 0.8942731277533039 0.9383259911894273 0.04185022026431718 0.06828193832599119
1 0.5088105726872246 0.6453744493392071 0.028634361233480177 0.07268722466960352
1 0.5726872246696035 0.526431718061674 0.028634361233480177 0.04405286343612335
1 0.5 0.5110132158590308 0.024229074889867842 0.046255506607929514
1 0.539647577092511 0.3788546255506608 0.028634361233480177 0.03524229074889868
1 0.5022026431718062 0.21145374449339208 0.037444933920704845 0.030837004405286344
1 0.5418502202643172 0.028634361233480177 0.046255506607929514 0.05286343612334802
1 0.4052863436123348 0.0947136563876652 0.039647577092511016 0.06828193832599119
1 0.3700440528634361 0.31938325991189426 0.05726872246696035 0.06167400881057269
1 0.4713656387665198 0.30837004405286345 0.05286343612334802 0.05066079295154185
1 0.2577092511013216 0.16299559471365638 0.06607929515418502 0.07268722466960352
1 0.31057268722466963 0.31938325991189426 0.06167400881057269 0.07709251101321586
1 0.3634361233480176 0.5748898678414097 0.028634361233480177 0.03524229074889868
1 0.3039647577092511 0.6035242290748899 0.039647577092511016 0.06387665198237885
1 0.3568281938325991 0.8171806167400881 0.03524229074889868 0.05947136563876652
1 0.19823788546255505 0.4933920704845815 0.039647577092511016 0.05947136563876652
1 0.11894273127753303 0.46255506607929514 0.04185022026431718 0.08590308370044053
1 0.19162995594713655 0.6519823788546255 0.037444933920704845 0.07268722466960352
1 0.15418502202643172 0.8656387665198237 0.039647577092511016 0.07268722466960352
1 0.10352422907488987 0.8149779735682819 0.04405286343612335 0.05286343612334802
1 0.037444933920704845 0.8744493392070485 0.039647577092511016 0.05286343612334802
1 0.05947136563876652 0.11894273127753303 0.046255506607929514 0.05066079295154185
1 0.013215859030837005 0.046255506607929514 0.02643171806167401 0.03524229074889868
1 0.022026431718061675 0.4889867841409692 0.04405286343612335 0.07048458149779736