0 0.09030837004405286 0.43171806167400884 0.16299559471365638 0.09911894273127753
0 0.12555066079295155 0.17841409691629956 0.16079295154185022 0.10352422907488987
0 0.11674008810572688 0.6233480176211453 0.13876651982378854 0.04405286343612335
0 0.16079295154185022 0.30837004405286345 0.16079295154185022 0.10792951541850221
0 0.19162995594713655 0.7907488986784141 0.1013215859030837 0.05726872246696035
0 0.3370044052863436 0.46255506607929514 0.16519823788546256 0.0947136563876652
0 0.31938325991189426 0.9030837004405287 0.09911894273127753 0.06607929515418502
0 0.3788546255506608 0.2488986784140969 0.15418502202643172 0.05286343612334802
0 0.40748898678414097 0.1145374449339207 0.15638766519823788 0.08590308370044053
0 0.381057268722467 0.6167400881057269 0.0947136563876652 0.0881057268722467
0 0.47577092511013214 0.7863436123348018 0.1145374449339207 0.06607929515418502
0 0.5638766519823789 0.394273127753304 0.15638766519823788 0.05286343612334802
0 0.5991189427312775 0.22466960352422907 0.16519823788546256 0.0947136563876652
0 0.5837004405286343 0.9118942731277533 0.1013215859030837 0.05947136563876652
0 0.5991189427312775 0.6189427312775331 0.11233480176211454 0.07488986784140969
0 0.7026431718061674 0.09251101321585903 0.20044052863436124 0.1277533039647577
0 0.751101321585903 0.2841409691629956 0.15859030837004406 0.048458149779735685
0 0.7400881057268722 0.7819383259911894 0.10792951541850221 0.03524229074889868
0 0.801762114537445 0.41409691629955947 0.15638766519823788 0.039647577092511016
0 0.8414096916299559 0.6035242290748899 0.14096916299559473 0.10352422907488987
0 0.8524229074889867 0.19383259911894274 0.16299559471365638 0.046255506607929514
0 0.8436123348017621 0.9096916299559471 0.10572687224669604 0.02643171806167401