1 0.23127753303964757 0.02643171806167401 0.04405286343612335 0.05286343612334802
1 0.15418502202643172 0.08370044052863436 0.05947136563876652 0.08590308370044053
1 0.06828193832599119 0.06607929515418502 0.048458149779735685 0.046255506607929514
1 0.12555066079295155 0.20484581497797358 0.04405286343612335 0.08149779735682819
1 0.06387665198237885 0.16079295154185022 0.03524229074889868 0.046255506607929514
1 0.2687224669603524 0.11013215859030837 0.05726872246696035 0.06167400881057269
1 0.2907488986784141 0.4845814977973568 0.039647577092511016 0.05947136563876652
1 0.23127753303964757 0.2907488986784141 0.04185022026431718 0.05066079295154185
1 0.2907488986784141 0.1762114537444934 0.02643171806167401 0.05066079295154185
1 0.32819383259911894 0.2026431718061674 0.03524229074889868 0.0881057268722467
1 0.3766519823788546 0.24669603524229075 0.05726872246696035 0.09911894273127753
1 0.44933920704845814 0.10352422907488987 0.04185022026431718 0.07268722466960352
1 0.41629955947136565 0.03303964757709251 0.05726872246696035 0.06607929515418502
1 0.15418502202643172 0.31057268722466963 0.05066079295154185 0.04185022026431718
1 0.08590308370044053 0.3964757709251101 0.039647577092511016 0.05286343612334802
1 0.015418502202643172 0.44493392070484583 0.030837004405286344 0.07268722466960352
1 0.2907488986784141 0.4801762114537445 0.05506607929515418 0.05066079295154185
1 0.46916299559471364 0.2907488986784141 0.046255506607929514 0.07048458149779736
1 0.5088105726872246 0.34140969162995594 0.039647577092511016 0.06167400881057269
1 0.5704845814977973 0.1828193832599119 0.028634361233480177 0.048458149779735685
1 0.6453744493392071 0.03303964757709251 0.05286343612334802 0.05726872246696035
1 0.7158590308370044 0.08149779735682819 0.05506607929515418 0.05506607929515418
1 0.7687224669603524 0.09911894273127753 0.046255506607929514 0.06167400881057269
1 0.8237885462555066 0.09030837004405286 0.06828193832599119 0.06607929515418502
1 0.8414096916299559 0.17180616740088106 0.04405286343612335 0.05286343612334802
1 0.40969162995594716 0.566079295154185 0.037444933920704845 0.039647577092511016
1 0.31497797356828194 0.5947136563876652 0.04405286343612335 0.04405286343612335
1 0.3237885462555066 0.6629955947136564 0.030837004405286344 0.046255506607929514
1 0.2555066079295154 0.7158590308370044 0.03524229074889868 0.03524229074889868
1 0.15638766519823788 0.5991189427312775 0.03303964757709251 0.028634361233480177
1 0.29515418502202645 0.8083700440528634 0.03524229074889868 0.04185022026431718
1 0.20484581497797358 0.8083700440528634 0.04185022026431718 0.046255506607929514
1 0.32158590308370044 0.9008810572687225 0.028634361233480177 0.03524229074889868
1 0.31057268722466963 0.8568281938325991 0.02643171806167401 0.02643171806167401
1 0.2775330396475771 0.8810572687224669 0.03303964757709251 0.030837004405286344
1 0.1960352422907489 0.8898678414096917 0.028634361233480177 0.03303964757709251
1 0.3722466960352423 0.9251101321585903 0.022026431718061675 0.03524229074889868
1 0.3524229074889868 0.8810572687224669 0.028634361233480177 0.04185022026431718
1 0.42731277533039647 0.9096916299559471 0.04185022026431718 0.06167400881057269
1 0.40308370044052866 0.8678414096916299 0.019823788546255508 0.019823788546255508
1 0.4889867841409692 0.8436123348017621 0.024229074889867842 0.039647577092511016
1 0.42731277533039647 0.8259911894273128 0.028634361233480177 0.03303964757709251
1 0.43171806167400884 0.7819383259911894 0.03524229074889868 0.04185022026431718
1 0.5770925110132159 0.6057268722466961 0.030837004405286344 0.048458149779735685
1 0.6255506607929515 0.6607929515418502 0.030837004405286344 0.039647577092511016
1 0.5572687224669604 0.7334801762114538 0.02643171806167401 0.05066079295154185
1 0.5154185022026432 0.6740088105726872 0.03524229074889868 0.037444933920704845
1 0.4801762114537445 0.6541850220264317 0.028634361233480177 0.039647577092511016
1 0.6035242290748899 0.8612334801762115 0.05066079295154185 0.06387665198237885
1 0.5748898678414097 0.8854625550660793 0.022026431718061675 0.039647577092511016
1 0.6013215859030837 0.9185022026431718 0.01762114537444934 0.024229074889867842
1 0.552863436123348 0.8656387665198237 0.024229074889867842 0.02643171806167401
1 0.6365638766519823 0.7400881057268722 0.030837004405286344 0.06167400881057269
1 0.5881057268722467 0.47577092511013214 0.046255506607929514 0.05726872246696035
1 0.5726872246696035 0.41629955947136565 0.030837004405286344 0.037444933920704845
1 0.6784140969162996 0.3502202643171806 0.046255506607929514 0.07709251101321586
1 0.6740088105726872 0.27973568281938327 0.028634361233480177 0.04405286343612335
1 0.6718061674008811 0.23788546255506607 0.048458149779735685 0.046255506607929514
1 0.5814977973568282 0.3656387665198238 0.039647577092511016 0.06607929515418502
1 0.5770925110132159 0.3039647577092511 0.04405286343612335 0.07048458149779736
1 0.7444933920704846 0.4933920704845815 0.05506607929515418 0.07268722466960352
1 0.6696035242290749 0.5220264317180616 0.028634361233480177 0.046255506607929514
1 0.6585903083700441 0.566079295154185 0.028634361233480177 0.02643171806167401
1 0.6277533039647577 0.566079295154185 0.03524229074889868 0.05066079295154185
1 0.6299559471365639 0.6145374449339207 0.028634361233480177 0.03303964757709251
1 0.5991189427312775 0.5616740088105727 0.022026431718061675 0.03524229074889868
1 0.7158590308370044 0.5814977973568282 0.039647577092511016 0.05506607929515418
1 0.6850220264317181 0.6167400881057269 0.028634361233480177 0.019823788546255508
1 0.6850220264317181 0.6387665198237885 0.024229074889867842 0.024229074889867842
1 0.7312775330396476 0.6607929515418502 0.03524229074889868 0.046255506607929514
1 0.7555066079295154 0.6167400881057269 0.04185022026431718 0.05506607929515418
1 0.7907488986784141 0.44273127753303965 0.03303964757709251 0.039647577092511016
1 0.7907488986784141 0.3370044052863436 0.028634361233480177 0.03524229074889868
1 0.7929515418502202 0.2841409691629956 0.028634361233480177 0.039647577092511016
1 0.8392070484581498 0.2753303964757709 0.028634361233480177 0.03524229074889868
1 0.8303964757709251 0.32599118942731276 0.037444933920704845 0.06167400881057269
1 0.8303964757709251 0.3590308370044053 0.024229074889867842 0.037444933920704845
1 0.5022026431718062 0.11013215859030837 0.05726872246696035 0.06607929515418502
1 0.8568281938325991 0.5704845814977973 0.028634361233480177 0.05506607929515418
1 0.9251101321585903 0.5484581497797357 0.048458149779735685 0.07709251101321586
1 0.9713656387665198 0.5330396475770925 0.05726872246696035 0.06167400881057269
1 0.8744493392070485 0.7224669603524229 0.04405286343612335 0.039647577092511016
1 0.9823788546255506 0.7048458149779736 0.03524229074889868 0.06828193832599119
1 0.8193832599118943 0.7797356828193832 0.024229074889867842 0.02643171806167401
1 0.788546255506608 0.7665198237885462 0.02643171806167401 0.028634361233480177
1 0.7466960352422908 0.7202643171806168 0.039647577092511016 0.03524229074889868
1 0.7444933920704846 0.7555066079295154 0.02643171806167401 0.028634361233480177
1 0.7092511013215859 0.7599118942731278 0.02643171806167401 0.028634361233480177
1 0.7268722466960352 0.8259911894273128 0.022026431718061675 0.03524229074889868
1 0.6872246696035242 0.8700440528634361 0.03303964757709251 0.04405286343612335
1 0.8039647577092511 0.8634361233480177 0.037444933920704845 0.03303964757709251
1 0.7907488986784141 0.8788546255506607 0.024229074889867842 0.024229074889867842
1 0.73568281938326 0.8920704845814978 0.03303964757709251 0.04405286343612335
1 0.6938325991189427 0.9317180616740088 0.013215859030837005 0.019823788546255508
1 0.7290748898678414 0.947136563876652 0.030837004405286344 0.028634361233480177
1 0.6475770925110133 0.9559471365638766 0.022026431718061675 0.019823788546255508
1 0.8832599118942731 0.9581497797356828 0.05066079295154185 0.03524229074889868
1 0.960352422907489 0.8325991189427313 0.028634361233480177 0.028634361233480177
1 0.973568281938326 0.7819383259911894 0.05286343612334802 0.05726872246696035
1 0.801762114537445 0.986784140969163 0.02643171806167401 0.02643171806167401
1 0.775330396475771 0.986784140969163 0.022026431718061675 0.022026431718061675
1 0.9052863436123348 0.42951541850220265 0.024229074889867842 0.030837004405286344
1 0.9669603524229075 0.3634361233480176 0.039647577092511016 0.046255506607929514