1 0.460352422907489 0.17180616740088106 0.1211453744493392 0.1145374449339207
1 0.30837004405286345 0.2599118942731278 0.08370044052863436 0.07268722466960352
1 0.22687224669603523 0.22687224669603523 0.07488986784140969 0.11674008810572688
1 0.1696035242290749 0.29515418502202645 0.05726872246696035 0.06828193832599119
1 0.07929515418502203 0.2973568281938326 0.08370044052863436 0.1343612334801762
1 0.22466960352422907 0.4955947136563877 0.08370044052863436 0.1277533039647577
1 0.42290748898678415 0.5374449339207048 0.06607929515418502 0.14757709251101322
1 0.31938325991189426 0.6079295154185022 0.08149779735682819 0.08370044052863436
1 0.5748898678414097 0.473568281938326 0.07268722466960352 0.1145374449339207
1 0.73568281938326 0.3039647577092511 0.05506607929515418 0.09911894273127753
1 0.8546255506607929 0.3876651982378855 0.06828193832599119 0.13215859030837004
1 0.9295154185022027 0.4911894273127753 0.05286343612334802 0.08370044052863436
1 0.8392070484581498 0.5 0.06167400881057269 0.10792951541850221
1 0.7907488986784141 0.5352422907488987 0.06387665198237885 0.13215859030837004
1 0.6211453744493393 0.73568281938326 0.08149779735682819 0.1211453744493392
1 0.6541850220264317 0.8458149779735683 0.07488986784140969 0.06828193832599119
1 0.5220264317180616 0.8502202643171806 0.07929515418502203 0.0881057268722467