1 0.039647577092511016 0.32819383259911894 0.02643171806167401 0.06387665198237885
1 0.16740088105726872 0.29515418502202645 0.028634361233480177 0.08590308370044053
1 0.11674008810572688 0.40969162995594716 0.030837004405286344 0.07929515418502203
1 0.09030837004405286 0.5352422907488987 0.02643171806167401 0.07268722466960352
1 0.14757709251101322 0.4933920704845815 0.028634361233480177 0.07929515418502203
1 0.19823788546255505 0.3986784140969163 0.024229074889867842 0.08590308370044053
1 0.2356828193832599 0.45374449339207046 0.024229074889867842 0.06828193832599119
1 0.24008810572687225 0.5506607929515418 0.028634361233480177 0.07488986784140969
1 0.17841409691629956 0.4713656387665198 0.019823788546255508 0.06828193832599119
1 0.2577092511013216 0.5110132158590308 0.028634361233480177 0.07488986784140969
1 0.28854625550660795 0.3986784140969163 0.024229074889867842 0.06167400881057269
1 0.31277533039647576 0.3634361233480176 0.028634361233480177 0.06387665198237885
1 0.3436123348017621 0.3370044052863436 0.024229074889867842 0.07709251101321586
1 0.36123348017621143 0.3766519823788546 0.02643171806167401 0.07488986784140969
1 0.3524229074889868 0.4911894273127753 0.02643171806167401 0.07488986784140969
1 0.3656387665198238 0.43171806167400884 0.022026431718061675 0.06828193832599119
1 0.3854625550660793 0.5462555066079295 0.022026431718061675 0.07709251101321586
1 0.41629955947136565 0.35462555066079293 0.028634361233480177 0.0881057268722467
1 0.394273127753304 0.45154185022026433 0.022026431718061675 0.07488986784140969
1 0.42951541850220265 0.5198237885462555 0.019823788546255508 0.08590308370044053
1 0.44052863436123346 0.3876651982378855 0.022026431718061675 0.06828193832599119
1 0.4118942731277533 0.526431718061674 0.02643171806167401 0.07929515418502203
1 0.31938325991189426 0.5418502202643172 0.024229074889867842 0.0881057268722467
1 0.3303964757709251 0.4713656387665198 0.028634361233480177 0.09911894273127753
1 0.29295154185022027 0.4911894273127753 0.024229074889867842 0.06167400881057269
1 0.30616740088105726 0.44933920704845814 0.02643171806167401 0.08590308370044053
1 0.44052863436123346 0.48237885462555063 0.024229074889867842 0.09911894273127753
1 0.46255506607929514 0.3502202643171806 0.024229074889867842 0.06828193832599119
1 0.4647577092511013 0.5374449339207048 0.022026431718061675 0.06387665198237885
1 0.473568281938326 0.4933920704845815 0.03303964757709251 0.10572687224669604
1 0.48237885462555063 0.41409691629955947 0.028634361233480177 0.0947136563876652
1 0.5330396475770925 0.4801762114537445 0.024229074889867842 0.0947136563876652
1 0.5088105726872246 0.44933920704845814 0.028634361233480177 0.07929515418502203
1 0.5506607929515418 0.45594713656387664 0.028634361233480177 0.07929515418502203
1 0.711453744493392 0.36784140969163 0.022026431718061675 0.07488986784140969
1 0.6850220264317181 0.3502202643171806 0.03524229074889868 0.08370044052863436
1 0.6850220264317181 0.45154185022026433 0.022026431718061675 0.06387665198237885
1 0.6563876651982379 0.45594713656387664 0.024229074889867842 0.0881057268722467
1 0.6387665198237885 0.4581497797356828 0.019823788546255508 0.05506607929515418
1 0.6453744493392071 0.3876651982378855 0.019823788546255508 0.06828193832599119
1 0.6079295154185022 0.36123348017621143 0.03303964757709251 0.08590308370044053
1 0.5572687224669604 0.35462555066079293 0.030837004405286344 0.09691629955947137
1 0.6255506607929515 0.3920704845814978 0.028634361233480177 0.0947136563876652
1 0.5991189427312775 0.513215859030837 0.03303964757709251 0.11013215859030837