1 0.9625550660792952 0.6740088105726872 0.02643171806167401 0.06387665198237885
1 0.8348017621145375 0.7048458149779736 0.028634361233480177 0.08590308370044053
1 0.8832599118942731 0.5903083700440529 0.030837004405286344 0.07929515418502203
1 0.9096916299559471 0.4669603524229075 0.02643171806167401 0.07268722466960352
1 0.8524229074889867 0.5088105726872246 0.028634361233480177 0.07709251101321586
1 0.801762114537445 0.6013215859030837 0.024229074889867842 0.08590308370044053
1 0.76431718061674 0.5462555066079295 0.024229074889867842 0.06828193832599119
1 0.7599118942731278 0.44933920704845814 0.028634361233480177 0.07488986784140969
1 0.8215859030837004 0.5308370044052864 0.019823788546255508 0.06828193832599119
1 0.7422907488986784 0.4889867841409692 0.028634361233480177 0.07488986784140969
1 0.711453744493392 0.6013215859030837 0.024229074889867842 0.06167400881057269
1 0.6872246696035242 0.6387665198237885 0.028634361233480177 0.06387665198237885
1 0.6563876651982379 0.6629955947136564 0.024229074889867842 0.07929515418502203
1 0.6409691629955947 0.6233480176211453 0.02643171806167401 0.07488986784140969
1 0.6497797356828194 0.5088105726872246 0.02643171806167401 0.07488986784140969
1 0.6365638766519823 0.5682819383259912 0.022026431718061675 0.06828193832599119
1 0.6145374449339207 0.45374449339207046 0.022026431718061675 0.07929515418502203
1 0.5837004405286343 0.6453744493392071 0.028634361233480177 0.0881057268722467
1 0.6057268722466961 0.5484581497797357 0.022026431718061675 0.07488986784140969
1 0.5704845814977973 0.4801762114537445 0.019823788546255508 0.08590308370044053
1 0.5616740088105727 0.6123348017621145 0.022026431718061675 0.06828193832599119
1 0.5903083700440529 0.47577092511013214 0.02643171806167401 0.07929515418502203
1 0.6828193832599119 0.4581497797356828 0.02643171806167401 0.0881057268722467
1 0.6696035242290749 0.5308370044052864 0.028634361233480177 0.09911894273127753
1 0.7070484581497798 0.5088105726872246 0.024229074889867842 0.06167400881057269
1 0.6938325991189427 0.552863436123348 0.02643171806167401 0.08590308370044053
1 0.5616740088105727 0.5198237885462555 0.024229074889867842 0.09911894273127753
1 0.5374449339207048 0.6497797356828194 0.024229074889867842 0.06828193832599119
1 0.5352422907488987 0.46255506607929514 0.022026431718061675 0.06387665198237885
1 0.526431718061674 0.5066079295154186 0.03303964757709251 0.10572687224669604
1 0.5198237885462555 0.5859030837004405 0.028634361233480177 0.0947136563876652
1 0.4669603524229075 0.5198237885462555 0.024229074889867842 0.0947136563876652
1 0.4911894273127753 0.5506607929515418 0.028634361233480177 0.07709251101321586
1 0.45154185022026433 0.5440528634361234 0.028634361233480177 0.07929515418502203
1 0.2907488986784141 0.6321585903083701 0.022026431718061675 0.07488986784140969
1 0.31497797356828194 0.6519823788546255 0.037444933920704845 0.08370044052863436
1 0.31497797356828194 0.5484581497797357 0.022026431718061675 0.06387665198237885
1 0.3436123348017621 0.5440528634361234 0.024229074889867842 0.0881057268722467
1 0.36123348017621143 0.5418502202643172 0.019823788546255508 0.05506607929515418
1 0.3568281938325991 0.6123348017621145 0.019823788546255508 0.06828193832599119
1 0.394273127753304 0.6387665198237885 0.03303964757709251 0.08590308370044053
1 0.44273127753303965 0.6475770925110133 0.030837004405286344 0.09691629955947137
1 0.3744493392070485 0.6101321585903083 0.028634361233480177 0.0947136563876652
1 0.40308370044052866 0.4889867841409692 0.03303964757709251 0.11013215859030837