1 0.526431718061674 0.9889867841409692 0.039647577092511016 0.022026431718061675
1 0.5044052863436124 0.9713656387665198 0.039647577092511016 0.05726872246696035
1 0.44933920704845814 0.9162995594713657 0.030837004405286344 0.046255506607929514
1 0.42951541850220265 0.8678414096916299 0.03303964757709251 0.05506607929515418
1 0.41629955947136565 0.8061674008810573 0.039647577092511016 0.046255506607929514
1 0.43832599118942733 0.7775330396475771 0.039647577092511016 0.05066079295154185
1 0.4955947136563877 0.7929515418502202 0.039647577092511016 0.05066079295154185
1 0.4647577092511013 0.7665198237885462 0.03524229074889868 0.04405286343612335
1 0.5242290748898678 0.7268722466960352 0.039647577092511016 0.04405286343612335
1 0.4251101321585903 0.6651982378854625 0.046255506607929514 0.05726872246696035
1 0.47577092511013214 0.7070484581497798 0.039647577092511016 0.04405286343612335
1 0.5110132158590308 0.6387665198237885 0.04405286343612335 0.039647577092511016
1 0.44273127753303965 0.6189427312775331 0.03524229074889868 0.04405286343612335
1 0.513215859030837 0.6740088105726872 0.039647577092511016 0.05066079295154185
1 0.5220264317180616 0.8568281938325991 0.046255506607929514 0.05066079295154185
1 0.4845814977973568 0.8325991189427313 0.05066079295154185 0.05726872246696035
1 0.4955947136563877 0.9074889867841409 0.030837004405286344 0.046255506607929514
1 0.473568281938326 0.8832599118942731 0.04405286343612335 0.05066079295154185
1 0.4911894273127753 0.6211453744493393 0.05066079295154185 0.046255506607929514
1 0.42290748898678415 0.5726872246696035 0.03524229074889868 0.046255506607929514
1 0.5198237885462555 0.5682819383259912 0.03303964757709251 0.04405286343612335
1 0.4977973568281938 0.552863436123348 0.05286343612334802 0.06387665198237885
1 0.45594713656387664 0.5374449339207048 0.048458149779735685 0.05726872246696035
1 0.4889867841409692 0.43612334801762115 0.048458149779735685 0.046255506607929514
1 0.473568281938326 0.48237885462555063 0.039647577092511016 0.05506607929515418
1 0.4779735682819383 0.40308370044052866 0.039647577092511016 0.05506607929515418
1 0.43392070484581496 0.0881057268722467 0.039647577092511016 0.04405286343612335
1 0.42290748898678415 0.13656387665198239 0.04185022026431718 0.07268722466960352
1 0.47577092511013214 0.13656387665198239 0.03303964757709251 0.04405286343612335
1 0.4779735682819383 0.19162995594713655 0.046255506607929514 0.046255506607929514
1 0.4801762114537445 0.22687224669603523 0.028634361233480177 0.039647577092511016
1 0.44273127753303965 0.21806167400881057 0.03524229074889868 0.039647577092511016
1 0.42951541850220265 0.2907488986784141 0.04405286343612335 0.06387665198237885
1 0.42731277533039647 0.3876651982378855 0.05066079295154185 0.06167400881057269
1 0.44493392070484583 0.2533039647577093 0.048458149779735685 0.05506607929515418
1 0.5066079295154186 0.30616740088105726 0.05726872246696035 0.06387665198237885