1 0.2511013215859031 0.6938325991189427 0.03524229074889868 0.07929515418502203
1 0.460352422907489 0.8348017621145375 0.06607929515418502 0.06167400881057269
1 0.6585903083700441 0.724669603524229 0.05066079295154185 0.05066079295154185
1 0.5154185022026432 0.5682819383259912 0.07268722466960352 0.10572687224669604
1 0.5726872246696035 0.6387665198237885 0.07929515418502203 0.06828193832599119
1 0.7841409691629956 0.5 0.08370044052863436 0.14317180616740088
1 0.8678414096916299 0.381057268722467 0.05066079295154185 0.10572687224669604
1 0.6894273127753304 0.394273127753304 0.05947136563876652 0.07488986784140969
1 0.6079295154185022 0.42951541850220265 0.04185022026431718 0.11674008810572688
1 0.5198237885462555 0.43832599118942733 0.07488986784140969 0.09251101321585903
1 0.039647577092511016 0.1299559471365639 0.04185022026431718 0.05506607929515418
1 0.7334801762114538 0.2444933920704846 0.05066079295154185 0.05947136563876652
1 0.4955947136563877 0.15638766519823788 0.05506607929515418 0.06828193832599119
1 0.015418502202643172 0.0947136563876652 0.028634361233480177 0.06167400881057269
1 0.8325991189427313 0.6519823788546255 0.05726872246696035 0.11674008810572688