1 0.1277533039647577 0.22246696035242292 0.09911894273127753 0.14757709251101322
1 0.13876651982378854 0.48237885462555063 0.10572687224669604 0.10572687224669604
1 0.2555066079295154 0.5044052863436124 0.0881057268722467 0.1299559471365639
1 0.3744493392070485 0.23788546255506607 0.1013215859030837 0.09691629955947137
1 0.4185022026431718 0.3370044052863436 0.0881057268722467 0.10572687224669604
1 0.31057268722466963 0.6629955947136564 0.09911894273127753 0.1211453744493392
1 0.17180616740088106 0.6057268722466961 0.08590308370044053 0.10572687224669604
1 0.2687224669603524 0.8480176211453745 0.0947136563876652 0.1013215859030837
1 0.4779735682819383 0.8039647577092511 0.08590308370044053 0.1211453744493392
1 0.5682819383259912 0.4977973568281938 0.08370044052863436 0.13656387665198239
1 0.7268722466960352 0.5440528634361234 0.07929515418502203 0.1211453744493392
1 0.7731277533039648 0.47577092511013214 0.08370044052863436 0.12555066079295155
1 0.8480176211453745 0.42070484581497797 0.1145374449339207 0.11013215859030837
1 0.8634361233480177 0.17841409691629956 0.11013215859030837 0.15418502202643172