1 0.12555066079295155 0.5616740088105727 0.14977973568281938 0.12555066079295155
1 0.2444933920704846 0.698237885462555 0.20484581497797358 0.20704845814977973
1 0.3832599118942731 0.6123348017621145 0.21806167400881057 0.2665198237885463
1 0.5110132158590308 0.6607929515418502 0.16740088105726872 0.20704845814977973
1 0.6696035242290749 0.7555066079295154 0.14317180616740088 0.18722466960352424
1 0.8436123348017621 0.9625550660792952 0.16740088105726872 0.07268722466960352
1 0.9383259911894273 0.8612334801762115 0.12334801762114538 0.15418502202643172
1 0.8546255506607929 0.6211453744493393 0.2555066079295154 0.28634361233480177
1 0.8127753303964758 0.5110132158590308 0.14757709251101322 0.13876651982378854
1 0.21145374449339208 0.3237885462555066 0.16079295154185022 0.21585903083700442
1 0.7687224669603524 0.23788546255506607 0.2665198237885463 0.21145374449339208
1 0.552863436123348 0.17400881057268722 0.21145374449339208 0.1299559471365639
1 0.40969162995594716 0.039647577092511016 0.0881057268722467 0.07929515418502203
1 0.9361233480176211 0.15859030837004406 0.1277533039647577 0.1145374449339207
1 0.32599118942731276 0.2422907488986784 0.19823788546255505 0.14317180616740088
1 0.2026431718061674 0.17180616740088106 0.2577092511013216 0.10792951541850221