1 0.8744493392070485 0.44052863436123346 0.14977973568281938 0.12555066079295155
1 0.7555066079295154 0.3039647577092511 0.20484581497797358 0.2092511013215859
1 0.6167400881057269 0.3898678414096916 0.21585903083700442 0.2665198237885463
1 0.4911894273127753 0.3392070484581498 0.16740088105726872 0.2092511013215859
1 0.3303964757709251 0.24669603524229075 0.14317180616740088 0.18502202643171806
1 0.15638766519823788 0.037444933920704845 0.16740088105726872 0.07268722466960352
1 0.06167400881057269 0.14096916299559473 0.12334801762114538 0.15418502202643172
1 0.14537444933920704 0.3788546255506608 0.2555066079295154 0.28634361233480177
1 0.1894273127753304 0.4889867841409692 0.14757709251101322 0.13876651982378854
1 0.7907488986784141 0.6784140969162996 0.16079295154185022 0.21585903083700442
1 0.23127753303964757 0.762114537444934 0.2665198237885463 0.21145374449339208
1 0.44713656387665196 0.8259911894273128 0.21145374449339208 0.1299559471365639
1 0.5925110132158591 0.960352422907489 0.09030837004405286 0.07929515418502203
1 0.06167400881057269 0.8414096916299559 0.12334801762114538 0.1145374449339207
1 0.6740088105726872 0.7577092511013216 0.19823788546255505 0.14317180616740088
1 0.7995594713656388 0.8281938325991189 0.2577092511013216 0.10792951541850221