1 0.2444933920704846 0.6497797356828194 0.11013215859030837 0.11013215859030837
1 0.2907488986784141 0.48237885462555063 0.024229074889867842 0.06167400881057269
1 0.31718061674008813 0.31718061674008813 0.05506607929515418 0.1145374449339207
1 0.2709251101321586 0.046255506607929514 0.10572687224669604 0.09251101321585903
1 0.4713656387665198 0.8127753303964758 0.06167400881057269 0.13876651982378854
1 0.4118942731277533 0.7026431718061674 0.09030837004405286 0.06828193832599119
1 0.44933920704845814 0.5903083700440529 0.05726872246696035 0.09030837004405286
1 0.42070484581497797 0.44933920704845814 0.048458149779735685 0.10572687224669604
1 0.5814977973568282 0.9074889867841409 0.05066079295154185 0.14757709251101322
1 0.6431718061674009 0.9779735682819384 0.046255506607929514 0.04185022026431718
1 0.7929515418502202 0.9581497797356828 0.07709251101321586 0.08370044052863436
1 0.7907488986784141 0.8281938325991189 0.048458149779735685 0.1211453744493392
1 0.7555066079295154 0.724669603524229 0.048458149779735685 0.09251101321585903
1 0.6365638766519823 0.8502202643171806 0.028634361233480177 0.05726872246696035
1 0.6475770925110133 0.7687224669603524 0.03524229074889868 0.08370044052863436
1 0.6718061674008811 0.6365638766519823 0.05506607929515418 0.16079295154185022
1 0.6607929515418502 0.4889867841409692 0.048458149779735685 0.06828193832599119
1 0.579295154185022 0.43612334801762115 0.05726872246696035 0.1343612334801762
1 0.579295154185022 0.7070484581497798 0.039647577092511016 0.0881057268722467
1 0.4933920704845815 0.43612334801762115 0.028634361233480177 0.1343612334801762
1 0.5154185022026432 0.33259911894273125 0.05506607929515418 0.19162995594713655
1 0.6343612334801763 0.30837004405286345 0.03303964757709251 0.10352422907488987
1 0.7577092511013216 0.4845814977973568 0.05506607929515418 0.10572687224669604
1 0.48237885462555063 0.1145374449339207 0.04185022026431718 0.11013215859030837
1 0.5 0.022026431718061675 0.039647577092511016 0.04405286343612335
1 0.539647577092511 0.14977973568281938 0.07488986784140969 0.16740088105726872
1 0.5859030837004405 0.23348017621145375 0.028634361233480177 0.05726872246696035
1 0.5903083700440529 0.1145374449339207 0.04405286343612335 0.11013215859030837
1 0.6343612334801763 0.16079295154185022 0.046255506607929514 0.15859030837004406
1 0.6233480176211453 0.05066079295154185 0.04185022026431718 0.09911894273127753