1 0.4008810572687225 0.8854625550660793 0.07268722466960352 0.16519823788546256
1 0.513215859030837 0.8127753303964758 0.039647577092511016 0.03524229074889868
1 0.6211453744493393 0.775330396475771 0.07709251101321586 0.08149779735682819
1 0.8392070484581498 0.8436123348017621 0.13656387665198239 0.15859030837004406
1 0.29295154185022027 0.5440528634361234 0.09251101321585903 0.09251101321585903
1 0.3656387665198238 0.6321585903083701 0.046255506607929514 0.13656387665198239
1 0.44052863436123346 0.5748898678414097 0.06167400881057269 0.08590308370044053
1 0.5352422907488987 0.6189427312775331 0.07048458149779736 0.07048458149779736
1 0.2290748898678414 0.3788546255506608 0.09911894273127753 0.07929515418502203
1 0.12334801762114538 0.3237885462555066 0.05726872246696035 0.037444933920704845
1 0.07268722466960352 0.15418502202643172 0.07488986784140969 0.0947136563876652
1 0.16299559471365638 0.2841409691629956 0.06167400881057269 0.07048458149779736
1 0.1696035242290749 0.05947136563876652 0.10572687224669604 0.1145374449339207
1 0.28193832599118945 0.06387665198237885 0.07929515418502203 0.07268722466960352
1 0.3502202643171806 0.11674008810572688 0.06167400881057269 0.07268722466960352
1 0.2687224669603524 0.29515418502202645 0.039647577092511016 0.04405286343612335
1 0.32158590308370044 0.27973568281938327 0.05506607929515418 0.05506607929515418
1 0.40969162995594716 0.2422907488986784 0.10792951541850221 0.08149779735682819
1 0.5088105726872246 0.2577092511013216 0.046255506607929514 0.07048458149779736
1 0.5440528634361234 0.3788546255506608 0.0881057268722467 0.08370044052863436
1 0.3634361233480176 0.3832599118942731 0.05947136563876652 0.05726872246696035
1 0.5440528634361234 0.5110132158590308 0.0881057268722467 0.046255506607929514
1 0.6123348017621145 0.4801762114537445 0.1277533039647577 0.08370044052863436
1 0.6255506607929515 0.30176211453744495 0.06828193832599119 0.048458149779735685
1 0.5110132158590308 0.11233480176211454 0.07048458149779736 0.08370044052863436
1 0.7577092511013216 0.5286343612334802 0.07268722466960352 0.06167400881057269
1 0.8546255506607929 0.4977973568281938 0.10572687224669604 0.06167400881057269
1 0.8568281938325991 0.43392070484581496 0.07268722466960352 0.046255506607929514
1 0.7334801762114538 0.44052863436123346 0.11013215859030837 0.11233480176211454
1 0.6806167400881057 0.3744493392070485 0.037444933920704845 0.04405286343612335
1 0.9779735682819384 0.46916299559471364 0.039647577092511016 0.06607929515418502
1 0.9647577092511013 0.4185022026431718 0.05947136563876652 0.04185022026431718
1 0.7577092511013216 0.3656387665198238 0.07268722466960352 0.06607929515418502
1 0.7268722466960352 0.29955947136563876 0.10572687224669604 0.06828193832599119
1 0.8898678414096917 0.3590308370044053 0.06167400881057269 0.06607929515418502
1 0.8149779735682819 0.31718061674008813 0.0947136563876652 0.06167400881057269