1 0.7290748898678414 0.4581497797356828 0.06607929515418502 0.11233480176211454
1 0.6475770925110133 0.4977973568281938 0.06167400881057269 0.11013215859030837
1 0.6211453744493393 0.6629955947136564 0.01762114537444934 0.05947136563876652
1 0.552863436123348 0.6762114537444934 0.05726872246696035 0.11013215859030837
1 0.486784140969163 0.76431718061674 0.030837004405286344 0.07268722466960352
1 0.41409691629955947 0.6541850220264317 0.06167400881057269 0.0881057268722467
1 0.5088105726872246 0.381057268722467 0.048458149779735685 0.14096916299559473
1 0.9779735682819384 0.5484581497797357 0.04405286343612335 0.08590308370044053
1 0.9229074889867841 0.9779735682819384 0.039647577092511016 0.037444933920704845
1 0.6718061674008811 0.17180616740088106 0.05066079295154185 0.11013215859030837
1 0.5726872246696035 0.2511013215859031 0.046255506607929514 0.10352422907488987
1 0.5704845814977973 0.022026431718061675 0.039647577092511016 0.04405286343612335
1 0.3634361233480176 0.046255506607929514 0.06828193832599119 0.0881057268722467
1 0.17180616740088106 0.046255506607929514 0.05286343612334802 0.09251101321585903
1 0.3370044052863436 0.8612334801762115 0.04405286343612335 0.09251101321585903
1 0.23127753303964757 0.737885462555066 0.05066079295154185 0.10572687224669604
1 0.16299559471365638 0.5572687224669604 0.03524229074889868 0.06607929515418502
1 0.8832599118942731 0.748898678414097 0.046255506607929514 0.09030837004405286
1 0.8392070484581498 0.711453744493392 0.048458149779735685 0.07488986784140969
1 0.7577092511013216 0.7775330396475771 0.04185022026431718 0.10352422907488987
1 0.6894273127753304 0.7026431718061674 0.06828193832599119 0.1145374449339207
1 0.8039647577092511 0.7334801762114538 0.04185022026431718 0.07709251101321586