1 0.2709251101321586 0.5440528634361234 0.06607929515418502 0.11233480176211454
1 0.3524229074889868 0.5022026431718062 0.06167400881057269 0.11013215859030837
1 0.3788546255506608 0.3392070484581498 0.01762114537444934 0.05947136563876652
1 0.44713656387665196 0.32599118942731276 0.05726872246696035 0.11013215859030837
1 0.513215859030837 0.23788546255506607 0.030837004405286344 0.07268722466960352
1 0.5859030837004405 0.34801762114537443 0.06167400881057269 0.0881057268722467
1 0.4911894273127753 0.6189427312775331 0.048458149779735685 0.14317180616740088
1 0.022026431718061675 0.45374449339207046 0.04405286343612335 0.08590308370044053
1 0.07709251101321586 0.022026431718061675 0.039647577092511016 0.037444933920704845
1 0.32819383259911894 0.8281938325991189 0.05066079295154185 0.11013215859030837
1 0.42951541850220265 0.748898678414097 0.046255506607929514 0.10572687224669604
1 0.4251101321585903 0.9757709251101322 0.037444933920704845 0.046255506607929514
1 0.6387665198237885 0.9537444933920705 0.06828193832599119 0.0881057268722467
1 0.8237885462555066 0.9515418502202643 0.05286343612334802 0.09691629955947137
1 0.6629955947136564 0.13876651982378854 0.04405286343612335 0.09251101321585903
1 0.7687224669603524 0.2643171806167401 0.05066079295154185 0.10572687224669604
1 0.8370044052863436 0.44273127753303965 0.03524229074889868 0.06607929515418502
1 0.11674008810572688 0.2511013215859031 0.046255506607929514 0.09030837004405286
1 0.16079295154185022 0.2907488986784141 0.048458149779735685 0.07488986784140969
1 0.2444933920704846 0.22246696035242292 0.04185022026431718 0.10352422907488987
1 0.31277533039647576 0.2973568281938326 0.06828193832599119 0.1145374449339207
1 0.1960352422907489 0.2665198237885463 0.04185022026431718 0.07709251101321586