1 0.47577092511013214 0.0947136563876652 0.06387665198237885 0.11674008810572688
1 0.5 0.24008810572687225 0.06167400881057269 0.11013215859030837
1 0.5903083700440529 0.2841409691629956 0.03303964757709251 0.028634361233480177
1 0.5991189427312775 0.40748898678414097 0.06167400881057269 0.1013215859030837
1 0.6475770925110133 0.5242290748898678 0.039647577092511016 0.05506607929515418
1 0.5859030837004405 0.6541850220264317 0.05066079295154185 0.11013215859030837
1 0.43392070484581496 0.4845814977973568 0.07929515418502203 0.08590308370044053
1 0.31497797356828194 0.1960352422907489 0.06167400881057269 0.09030837004405286
1 0.3590308370044053 0.3744493392070485 0.05947136563876652 0.08149779735682819
1 0.23127753303964757 0.3700440528634361 0.02643171806167401 0.06387665198237885
1 0.2444933920704846 0.7466960352422908 0.05066079295154185 0.1211453744493392
1 0.7048458149779736 0.788546255506608 0.05066079295154185 0.07709251101321586
1 0.6321585903083701 0.9647577092511013 0.05726872246696035 0.07048458149779736
1 0.6563876651982379 0.046255506607929514 0.05726872246696035 0.07488986784140969
1 0.6145374449339207 0.16519823788546256 0.06607929515418502 0.11894273127753303