1 0.6321585903083701 0.08370044052863436 0.07488986784140969 0.16740088105726872
1 0.5198237885462555 0.11013215859030837 0.07268722466960352 0.11013215859030837
1 0.039647577092511016 0.0947136563876652 0.07929515418502203 0.16299559471365638
1 0.11233480176211454 0.24669603524229075 0.07709251101321586 0.14317180616740088
1 0.2621145374449339 0.3986784140969163 0.07048458149779736 0.1696035242290749
1 0.07268722466960352 0.4955947136563877 0.07488986784140969 0.16079295154185022
1 0.6365638766519823 0.2841409691629956 0.07929515418502203 0.13656387665198239
1 0.6806167400881057 0.5110132158590308 0.0947136563876652 0.17180616740088106
1 0.4889867841409692 0.45594713656387664 0.07488986784140969 0.15859030837004406
1 0.3722466960352423 0.5242290748898678 0.07709251101321586 0.1343612334801762
1 0.2356828193832599 0.8127753303964758 0.06387665198237885 0.15859030837004406
1 0.31497797356828194 0.9030837004405287 0.08149779735682819 0.12555066079295155
1 0.3744493392070485 0.6541850220264317 0.08149779735682819 0.16299559471365638
1 0.3898678414096916 0.7929515418502202 0.06828193832599119 0.13656387665198239
1 0.460352422907489 0.6519823788546255 0.06387665198237885 0.14096916299559473
1 0.552863436123348 0.6497797356828194 0.046255506607929514 0.13876651982378854
1 0.5925110132158591 0.7599118942731278 0.06167400881057269 0.14096916299559473
1 0.6541850220264317 0.9251101321585903 0.05947136563876652 0.1299559471365639