1 0.18502202643171806 0.5022026431718062 0.05947136563876652 0.07709251101321586
1 0.27312775330396477 0.513215859030837 0.048458149779735685 0.06828193832599119
1 0.3502202643171806 0.5066079295154186 0.046255506607929514 0.06828193832599119
1 0.43171806167400884 0.4779735682819383 0.037444933920704845 0.06167400881057269
1 0.4933920704845815 0.47577092511013214 0.046255506607929514 0.05066079295154185
1 0.552863436123348 0.4669603524229075 0.05066079295154185 0.05286343612334802
1 0.6211453744493393 0.44713656387665196 0.039647577092511016 0.048458149779735685
1 0.6960352422907489 0.3722466960352423 0.046255506607929514 0.06387665198237885
1 0.6431718061674009 0.3524229074889868 0.04185022026431718 0.06387665198237885
1 0.5903083700440529 0.34140969162995594 0.03524229074889868 0.05726872246696035
1 0.5484581497797357 0.31938325991189426 0.03524229074889868 0.05286343612334802
1 0.5044052863436124 0.2973568281938326 0.046255506607929514 0.06167400881057269
1 0.4052863436123348 0.22246696035242292 0.05066079295154185 0.06607929515418502
1 0.460352422907489 0.2599118942731278 0.039647577092511016 0.05726872246696035
1 0.3392070484581498 0.19162995594713655 0.05726872246696035 0.05947136563876652
1 0.27973568281938327 0.1696035242290749 0.05286343612334802 0.05286343612334802
1 0.2290748898678414 0.13876651982378854 0.05066079295154185 0.05947136563876652