1 0.06167400881057269 0.3502202643171806 0.09691629955947137 0.1013215859030837
1 0.09030837004405286 0.4669603524229075 0.09030837004405286 0.08590308370044053
1 0.21806167400881057 0.41629955947136565 0.08370044052863436 0.0881057268722467
1 0.33480176211453744 0.4185022026431718 0.07709251101321586 0.09251101321585903
1 0.31718061674008813 0.4889867841409692 0.07709251101321586 0.08590308370044053
1 0.3898678414096916 0.486784140969163 0.07268722466960352 0.07048458149779736
1 0.4801762114537445 0.4977973568281938 0.08370044052863436 0.07048458149779736
1 0.46255506607929514 0.552863436123348 0.07709251101321586 0.06387665198237885
1 0.40748898678414097 0.5770925110132159 0.06828193832599119 0.07709251101321586
1 0.526431718061674 0.7422907488986784 0.06828193832599119 0.05726872246696035
1 0.566079295154185 0.6850220264317181 0.06387665198237885 0.048458149779735685
1 0.6343612334801763 0.5726872246696035 0.07268722466960352 0.06167400881057269
1 0.5748898678414097 0.6123348017621145 0.05506607929515418 0.05066079295154185
1 0.5837004405286343 0.6475770925110133 0.05726872246696035 0.05066079295154185
1 0.7444933920704846 0.6629955947136564 0.07048458149779736 0.06828193832599119
1 0.8259911894273128 0.7048458149779736 0.0881057268722467 0.05726872246696035
1 0.9493392070484582 0.6960352422907489 0.06387665198237885 0.07048458149779736
1 0.9493392070484582 0.8370044052863436 0.06167400881057269 0.039647577092511016
1 0.8920704845814978 0.8546255506607929 0.046255506607929514 0.03524229074889868