1 0.2092511013215859 0.5066079295154186 0.07268722466960352 0.05286343612334802
1 0.21806167400881057 0.33480176211453744 0.0881057268722467 0.06828193832599119
1 0.31277533039647576 0.4581497797356828 0.05726872246696035 0.05726872246696035
1 0.3656387665198238 0.2709251101321586 0.08370044052863436 0.07488986784140969
1 0.45594713656387664 0.32158590308370044 0.0881057268722467 0.07268722466960352
1 0.4779735682819383 0.22687224669603523 0.07709251101321586 0.05947136563876652
1 0.6894273127753304 0.4052863436123348 0.09911894273127753 0.07268722466960352
1 0.76431718061674 0.5616740088105727 0.0881057268722467 0.06828193832599119
1 0.8325991189427313 0.6651982378854625 0.07929515418502203 0.06387665198237885
1 0.6607929515418502 0.7466960352422908 0.07929515418502203 0.06387665198237885
1 0.9229074889867841 0.9052863436123348 0.08149779735682819 0.06167400881057269