1 0.42731277533039647 0.8898678414096917 0.039647577092511016 0.07268722466960352
1 0.31277533039647576 0.6365638766519823 0.04185022026431718 0.08590308370044053
1 0.40308370044052866 0.5594713656387665 0.03303964757709251 0.08590308370044053
1 0.6057268722466961 0.5374449339207048 0.030837004405286344 0.05506607929515418
1 0.46916299559471364 0.43392070484581496 0.024229074889867842 0.06167400881057269
1 0.552863436123348 0.460352422907489 0.02643171806167401 0.04405286343612335
1 0.5308370044052864 0.3788546255506608 0.03303964757709251 0.06387665198237885
1 0.5969162995594713 0.42290748898678415 0.030837004405286344 0.05726872246696035
1 0.6563876651982379 0.43392070484581496 0.03303964757709251 0.046255506607929514
1 0.7444933920704846 0.8656387665198237 0.028634361233480177 0.08590308370044053
1 0.4669603524229075 0.29295154185022027 0.05066079295154185 0.11013215859030837
1 0.5110132158590308 0.2709251101321586 0.039647577092511016 0.05506607929515418
1 0.6321585903083701 0.3458149779735683 0.030837004405286344 0.05506607929515418
1 0.6629955947136564 0.2422907488986784 0.039647577092511016 0.039647577092511016
1 0.6343612334801763 0.16740088105726872 0.02643171806167401 0.039647577092511016
1 0.5903083700440529 0.0947136563876652 0.04405286343612335 0.08590308370044053
1 0.539647577092511 0.030837004405286344 0.030837004405286344 0.05726872246696035
1 0.7268722466960352 0.1299559471365639 0.039647577092511016 0.08370044052863436
1 0.4008810572687225 0.3370044052863436 0.037444933920704845 0.07709251101321586
1 0.32158590308370044 0.29295154185022027 0.046255506607929514 0.09911894273127753
1 0.2092511013215859 0.4052863436123348 0.02643171806167401 0.07268722466960352
1 0.21585903083700442 0.2577092511013216 0.03303964757709251 0.07929515418502203
1 0.23348017621145375 0.0947136563876652 0.05066079295154185 0.06828193832599119
1 0.4669603524229075 0.15418502202643172 0.02643171806167401 0.04405286343612335
1 0.42951541850220265 0.20704845814977973 0.05066079295154185 0.06828193832599119