1 0.8414096916299559 0.2621145374449339 0.046255506607929514 0.046255506607929514
1 0.9317180616740088 0.42290748898678415 0.039647577092511016 0.07268722466960352
1 0.9889867841409692 0.3392070484581498 0.022026431718061675 0.04405286343612335
1 0.73568281938326 0.381057268722467 0.04405286343612335 0.06387665198237885
1 0.5814977973568282 0.1894273127753304 0.05066079295154185 0.06828193832599119
1 0.5374449339207048 0.3392070484581498 0.05066079295154185 0.05506607929515418
1 0.5220264317180616 0.6740088105726872 0.03303964757709251 0.05066079295154185
1 0.460352422907489 0.45154185022026433 0.037444933920704845 0.039647577092511016
1 0.4779735682819383 0.5881057268722467 0.02643171806167401 0.04405286343612335
1 0.42731277533039647 0.5506607929515418 0.039647577092511016 0.05506607929515418
1 0.45374449339207046 0.6585903083700441 0.03524229074889868 0.05066079295154185
1 0.460352422907489 0.7555066079295154 0.028634361233480177 0.05506607929515418
1 0.7224669603524229 0.9052863436123348 0.05066079295154185 0.046255506607929514
1 0.3744493392070485 0.44493392070484583 0.06828193832599119 0.08590308370044053
1 0.36123348017621143 0.5176211453744494 0.03303964757709251 0.06387665198237885
1 0.40748898678414097 0.7180616740088106 0.03303964757709251 0.05066079295154185
1 0.3436123348017621 0.7687224669603524 0.024229074889867842 0.06387665198237885
1 0.29955947136563876 0.7202643171806168 0.024229074889867842 0.04405286343612335
1 0.2555066079295154 0.6497797356828194 0.05066079295154185 0.07268722466960352
1 0.21585903083700442 0.5638766519823789 0.03524229074889868 0.05066079295154185
1 0.2775330396475771 0.8700440528634361 0.05066079295154185 0.06387665198237885
1 0.18722466960352424 0.8876651982378855 0.028634361233480177 0.03524229074889868
1 0.09911894273127753 0.7180616740088106 0.03524229074889868 0.06167400881057269
1 0.40308370044052866 0.3392070484581498 0.048458149779735685 0.06167400881057269
1 0.3744493392070485 0.20484581497797358 0.06167400881057269 0.07488986784140969
1 0.44273127753303965 0.022026431718061675 0.04405286343612335 0.04185022026431718
1 0.35462555066079293 0.03303964757709251 0.046255506607929514 0.05506607929515418
1 0.2555066079295154 0.05947136563876652 0.04185022026431718 0.08370044052863436
1 0.1277533039647577 0.0881057268722467 0.037444933920704845 0.05066079295154185
1 0.11233480176211454 0.14317180616740088 0.03303964757709251 0.05066079295154185
1 0.16079295154185022 0.4251101321585903 0.03524229074889868 0.05066079295154185
1 0.0881057268722467 0.5594713656387665 0.04405286343612335 0.05506607929515418
1 0.030837004405286344 0.7951541850220264 0.03303964757709251 0.06387665198237885
1 0.2907488986784141 0.44713656387665196 0.02643171806167401 0.04405286343612335
1 0.3237885462555066 0.381057268722467 0.039647577092511016 0.08590308370044053
1 0.8612334801762115 0.046255506607929514 0.02643171806167401 0.04405286343612335
1 0.022026431718061675 0.21145374449339208 0.039647577092511016 0.07488986784140969
1 0.04405286343612335 0.45374449339207046 0.04185022026431718 0.05506607929515418
1 0.12334801762114538 0.33259911894273125 0.02643171806167401 0.03524229074889868
1 0.06828193832599119 0.2973568281938326 0.04405286343612335 0.04405286343612335
1 0.09030837004405286 0.22026431718061673 0.02643171806167401 0.03524229074889868
1 0.06167400881057269 0.34140969162995594 0.039647577092511016 0.05066079295154185
1 0.00881057268722467 0.7158590308370044 0.01762114537444934 0.048458149779735685