0 0.022026431718061675 0.028634361233480177 0.030837004405286344 0.05506607929515418
0 0.06387665198237885 0.513215859030837 0.07488986784140969 0.13215859030837004
0 0.07048458149779736 0.6674008810572687 0.08370044052863436 0.10572687224669604
0 0.07488986784140969 0.28193832599118945 0.05066079295154185 0.11233480176211454
0 0.15859030837004406 0.2599118942731278 0.05947136563876652 0.09911894273127753
0 0.23348017621145375 0.460352422907489 0.046255506607929514 0.07268722466960352
0 0.2444933920704846 0.23348017621145375 0.05506607929515418 0.10572687224669604
0 0.2753303964757709 0.46255506607929514 0.04185022026431718 0.08370044052863436
0 0.34801762114537443 0.44052863436123346 0.019823788546255508 0.03303964757709251
0 0.3920704845814978 0.18722466960352424 0.06167400881057269 0.09691629955947137
0 0.41409691629955947 0.5594713656387665 0.04185022026431718 0.05726872246696035
0 0.41409691629955947 0.3920704845814978 0.039647577092511016 0.06828193832599119
0 0.44052863436123346 0.7268722466960352 0.0881057268722467 0.08370044052863436
0 0.5462555066079295 0.43832599118942733 0.07929515418502203 0.1211453744493392
0 0.7202643171806168 0.11894273127753303 0.048458149779735685 0.05726872246696035
0 0.8568281938325991 0.579295154185022 0.09030837004405286 0.11894273127753303
0 0.8942731277533039 0.17400881057268722 0.03524229074889868 0.11013215859030837
0 0.9779735682819384 0.15198237885462554 0.04185022026431718 0.06607929515418502