1 0.539647577092511 0.1762114537444934 0.07488986784140969 0.05726872246696035
1 0.5726872246696035 0.2356828193832599 0.09911894273127753 0.05066079295154185
1 0.5022026431718062 0.30616740088105726 0.11233480176211454 0.06387665198237885
1 0.6013215859030837 0.3392070484581498 0.12555066079295155 0.07268722466960352
1 0.5374449339207048 0.4118942731277533 0.14757709251101322 0.06167400881057269
1 0.5220264317180616 0.46255506607929514 0.13215859030837004 0.07709251101321586
1 0.46916299559471364 0.5022026431718062 0.10572687224669604 0.07709251101321586
1 0.42951541850220265 0.5682819383259912 0.10352422907488987 0.08370044052863436
1 0.5066079295154186 0.6189427312775331 0.16519823788546256 0.07048458149779736
1 0.47577092511013214 0.6806167400881057 0.10352422907488987 0.06167400881057269
1 0.3898678414096916 0.7180616740088106 0.09691629955947137 0.07488986784140969
1 0.5374449339207048 0.7687224669603524 0.1145374449339207 0.06167400881057269
1 0.4052863436123348 0.7819383259911894 0.1211453744493392 0.08370044052863436
1 0.381057268722467 0.8458149779735683 0.14317180616740088 0.06607929515418502
1 0.46255506607929514 0.8986784140969163 0.15198237885462554 0.08370044052863436