1 0.6629955947136564 0.05947136563876652 0.06607929515418502 0.0947136563876652
1 0.8524229074889867 0.1343612334801762 0.06828193832599119 0.07268722466960352
1 0.05286343612334802 0.10572687224669604 0.05726872246696035 0.07709251101321586
1 0.32599118942731276 0.17841409691629956 0.05726872246696035 0.09251101321585903
1 0.17400881057268722 0.23348017621145375 0.06607929515418502 0.0947136563876652
1 0.11013215859030837 0.28634361233480177 0.06167400881057269 0.08149779735682819
1 0.2775330396475771 0.3568281938325991 0.07048458149779736 0.0881057268722467
1 0.27312775330396477 0.5638766519823789 0.06828193832599119 0.08370044052863436
1 0.3303964757709251 0.7400881057268722 0.07488986784140969 0.0881057268722467
1 0.2422907488986784 0.7202643171806168 0.046255506607929514 0.07929515418502203
1 0.09251101321585903 0.5770925110132159 0.0947136563876652 0.1145374449339207
1 0.2599118942731278 0.8392070484581498 0.07929515418502203 0.08370044052863436
1 0.6674008810572687 0.9030837004405287 0.07048458149779736 0.09030837004405286
1 0.8788546255506607 0.9493392070484582 0.07268722466960352 0.09251101321585903
1 0.7665198237885462 0.698237885462555 0.06387665198237885 0.09251101321585903
1 0.7731277533039648 0.5308370044052864 0.05066079295154185 0.0881057268722467
1 0.7907488986784141 0.40748898678414097 0.039647577092511016 0.06607929515418502
1 0.6145374449339207 0.14317180616740088 0.06828193832599119 0.07709251101321586
1 0.5110132158590308 0.18722466960352424 0.05506607929515418 0.05726872246696035
1 0.41629955947136565 0.44273127753303965 0.07709251101321586 0.09030837004405286
1 0.3590308370044053 0.5374449339207048 0.06607929515418502 0.11674008810572688
1 0.41629955947136565 0.5506607929515418 0.05066079295154185 0.05947136563876652
1 0.4845814977973568 0.7334801762114538 0.0881057268722467 0.08370044052863436
1 0.4845814977973568 0.7929515418502202 0.06387665198237885 0.08149779735682819
1 0.3744493392070485 0.8524229074889867 0.08370044052863436 0.08370044052863436
1 0.7687224669603524 0.16519823788546256 0.05947136563876652 0.08370044052863436
1 0.6563876651982379 0.2775330396475771 0.06167400881057269 0.08370044052863436