1 0.8281938325991189 0.41629955947136565 0.10572687224669604 0.1145374449339207
1 0.8722466960352423 0.6079295154185022 0.07929515418502203 0.07709251101321586
1 0.8634361233480177 0.737885462555066 0.06167400881057269 0.12555066079295155
1 0.775330396475771 0.7599118942731278 0.05506607929515418 0.06607929515418502
1 0.7995594713656388 0.6233480176211453 0.05726872246696035 0.05726872246696035
1 0.762114537444934 0.6541850220264317 0.05506607929515418 0.05066079295154185
1 0.8083700440528634 0.698237885462555 0.06828193832599119 0.04185022026431718
1 0.5991189427312775 0.5572687224669604 0.07268722466960352 0.0881057268722467
1 0.4911894273127753 0.4647577092511013 0.08370044052863436 0.08370044052863436
1 0.3590308370044053 0.5242290748898678 0.05947136563876652 0.07048458149779736
1 0.44273127753303965 0.5330396475770925 0.05726872246696035 0.046255506607929514
1 0.5 0.6013215859030837 0.06387665198237885 0.09251101321585903
1 0.5506607929515418 0.6497797356828194 0.06167400881057269 0.048458149779735685
1 0.6145374449339207 0.6696035242290749 0.06167400881057269 0.07268722466960352
1 0.6696035242290749 0.7202643171806168 0.06167400881057269 0.05726872246696035
1 0.7158590308370044 0.7004405286343612 0.06167400881057269 0.06167400881057269