1 0.35462555066079293 0.2841409691629956 0.06387665198237885 0.11013215859030837
1 0.44713656387665196 0.21806167400881057 0.05066079295154185 0.0947136563876652
1 0.4008810572687225 0.32819383259911894 0.04405286343612335 0.1211453744493392
1 0.31938325991189426 0.47577092511013214 0.05066079295154185 0.14317180616740088
1 0.3986784140969163 0.48237885462555063 0.05726872246696035 0.09030837004405286
1 0.4933920704845815 0.5969162995594713 0.06607929515418502 0.0881057268722467
1 0.460352422907489 0.6519823788546255 0.11013215859030837 0.05066079295154185
1 0.566079295154185 0.5594713656387665 0.06387665198237885 0.09030837004405286
1 0.6519823788546255 0.5903083700440529 0.06167400881057269 0.0947136563876652
1 0.7599118942731278 0.486784140969163 0.05286343612334802 0.13215859030837004
1 0.6475770925110133 0.43612334801762115 0.05726872246696035 0.0881057268722467
1 0.5704845814977973 0.42731277533039647 0.046255506607929514 0.08370044052863436
1 0.5220264317180616 0.42731277533039647 0.028634361233480177 0.06387665198237885
1 0.45154185022026433 0.3788546255506608 0.039647577092511016 0.06607929515418502
1 0.4713656387665198 0.4251101321585903 0.046255506607929514 0.0881057268722467
1 0.5242290748898678 0.2599118942731278 0.046255506607929514 0.06607929515418502
1 0.46916299559471364 0.28634361233480177 0.04405286343612335 0.07268722466960352
1 0.5638766519823789 0.16299559471365638 0.05286343612334802 0.06387665198237885
1 0.6101321585903083 0.1960352422907489 0.06828193832599119 0.09030837004405286
1 0.6145374449339207 0.31718061674008813 0.05066079295154185 0.07709251101321586
1 0.6497797356828194 0.34801762114537443 0.03303964757709251 0.11013215859030837