1 0.32158590308370044 0.037444933920704845 0.05506607929515418 0.07488986784140969
1 0.35462555066079293 0.12555066079295155 0.048458149779735685 0.06828193832599119
1 0.3876651982378855 0.19383259911894274 0.06167400881057269 0.06167400881057269
1 0.30616740088105726 0.30837004405286345 0.06387665198237885 0.0881057268722467
1 0.2687224669603524 0.4008810572687225 0.06387665198237885 0.05506607929515418
1 0.1828193832599119 0.566079295154185 0.06167400881057269 0.05506607929515418
1 0.31497797356828194 0.6409691629955947 0.05726872246696035 0.05726872246696035
1 0.31277533039647576 0.7797356828193832 0.06828193832599119 0.08370044052863436
1 0.4669603524229075 0.44493392070484583 0.039647577092511016 0.07488986784140969
1 0.4801762114537445 0.3634361233480176 0.06167400881057269 0.07709251101321586
1 0.5484581497797357 0.3502202643171806 0.039647577092511016 0.07268722466960352
1 0.6123348017621145 0.3634361233480176 0.05726872246696035 0.06167400881057269
1 0.5484581497797357 0.5594713656387665 0.04185022026431718 0.05066079295154185