1 0.048458149779735685 0.5440528634361234 0.03303964757709251 0.06607929515418502
1 0.20704845814977973 0.5484581497797357 0.037444933920704845 0.07488986784140969
1 0.28854625550660795 0.5330396475770925 0.024229074889867842 0.06167400881057269
1 0.2973568281938326 0.6057268722466961 0.030837004405286344 0.08149779735682819
1 0.1299559471365639 0.6607929515418502 0.037444933920704845 0.046255506607929514
1 0.20704845814977973 0.6453744493392071 0.030837004405286344 0.05726872246696035
1 0.2709251101321586 0.6563876651982379 0.039647577092511016 0.05066079295154185
1 0.22466960352422907 0.7951541850220264 0.028634361233480177 0.06387665198237885
1 0.2422907488986784 0.8215859030837004 0.028634361233480177 0.06387665198237885
1 0.13215859030837004 0.8414096916299559 0.03524229074889868 0.06607929515418502
1 0.3656387665198238 0.8766519823788547 0.02643171806167401 0.05506607929515418
1 0.3876651982378855 0.7951541850220264 0.02643171806167401 0.05066079295154185
1 0.5044052863436124 0.801762114537445 0.028634361233480177 0.06167400881057269
1 0.3964757709251101 0.6409691629955947 0.02643171806167401 0.05947136563876652
1 0.460352422907489 0.6674008810572687 0.030837004405286344 0.08370044052863436
1 0.5220264317180616 0.6233480176211453 0.03524229074889868 0.06828193832599119
1 0.3722466960352423 0.42731277533039647 0.028634361233480177 0.06607929515418502
1 0.19383259911894274 0.41629955947136565 0.037444933920704845 0.07709251101321586
1 0.14317180616740088 0.3876651982378855 0.037444933920704845 0.06828193832599119
1 0.17400881057268722 0.2973568281938326 0.03524229074889868 0.046255506607929514
1 0.1960352422907489 0.2665198237885463 0.03303964757709251 0.07048458149779736
1 0.33259911894273125 0.34140969162995594 0.028634361233480177 0.06387665198237885
1 0.3568281938325991 0.2533039647577093 0.028634361233480177 0.08370044052863436
1 0.23127753303964757 0.15198237885462554 0.05066079295154185 0.06167400881057269
1 0.15638766519823788 0.12334801762114538 0.03524229074889868 0.07048458149779736
1 0.5066079295154186 0.2555066079295154 0.03524229074889868 0.08370044052863436
1 0.5044052863436124 0.15638766519823788 0.039647577092511016 0.07048458149779736
1 0.7422907488986784 0.2643171806167401 0.03524229074889868 0.08370044052863436
1 0.7951541850220264 0.5242290748898678 0.04185022026431718 0.05066079295154185
1 0.6828193832599119 0.5110132158590308 0.03524229074889868 0.06607929515418502
1 0.5748898678414097 0.4933920704845815 0.03524229074889868 0.06828193832599119
1 0.47577092511013214 0.43612334801762115 0.030837004405286344 0.07709251101321586
1 0.6453744493392071 0.7004405286343612 0.019823788546255508 0.07048458149779736
1 0.6585903083700441 0.6916299559471366 0.019823788546255508 0.06828193832599119
1 0.7665198237885462 0.8039647577092511 0.028634361233480177 0.05947136563876652
1 0.7599118942731278 0.7202643171806168 0.024229074889867842 0.06167400881057269
1 0.960352422907489 0.5044052863436124 0.024229074889867842 0.06387665198237885
1 0.9801762114537445 0.5440528634361234 0.03303964757709251 0.07048458149779736
1 0.6718061674008811 0.920704845814978 0.037444933920704845 0.04405286343612335
1 0.775330396475771 0.9383259911894273 0.028634361233480177 0.05726872246696035
1 0.2533039647577093 0.9625550660792952 0.03524229074889868 0.05726872246696035
1 0.44273127753303965 0.947136563876652 0.03303964757709251 0.046255506607929514
1 0.07709251101321586 0.9537444933920705 0.03524229074889868 0.06167400881057269