1 0.539647577092511 0.14317180616740088 0.06167400881057269 0.046255506607929514
1 0.526431718061674 0.24008810572687225 0.05066079295154185 0.030837004405286344
1 0.5859030837004405 0.2533039647577093 0.06828193832599119 0.039647577092511016
1 0.6321585903083701 0.048458149779735685 0.037444933920704845 0.046255506607929514
1 0.6189427312775331 0.14317180616740088 0.046255506607929514 0.039647577092511016
1 0.6299559471365639 0.21806167400881057 0.04185022026431718 0.05066079295154185
1 0.7422907488986784 0.16299559471365638 0.05066079295154185 0.037444933920704845
1 0.76431718061674 0.18502202643171806 0.05066079295154185 0.037444933920704845
1 0.7797356828193832 0.05066079295154185 0.05286343612334802 0.04405286343612335
1 0.8083700440528634 0.3370044052863436 0.04405286343612335 0.030837004405286344
1 0.7422907488986784 0.36123348017621143 0.04185022026431718 0.03303964757709251
1 0.7466960352422908 0.5066079295154186 0.05066079295154185 0.03524229074889868
1 0.6167400881057269 0.3722466960352423 0.048458149779735685 0.030837004405286344
1 0.6343612334801763 0.44933920704845814 0.06828193832599119 0.037444933920704845
1 0.5991189427312775 0.5286343612334802 0.05726872246696035 0.04405286343612335
1 0.44052863436123346 0.3436123348017621 0.05506607929515418 0.037444933920704845
1 0.42951541850220265 0.12555066079295155 0.06387665198237885 0.046255506607929514
1 0.40748898678414097 0.06387665198237885 0.05506607929515418 0.046255506607929514
1 0.33259911894273125 0.1013215859030837 0.039647577092511016 0.04405286343612335
1 0.30837004405286345 0.1299559471365639 0.05726872246696035 0.039647577092511016
1 0.3700440528634361 0.2973568281938326 0.05286343612334802 0.03524229074889868
1 0.2973568281938326 0.32599118942731276 0.06828193832599119 0.03524229074889868
1 0.21585903083700442 0.17180616740088106 0.05066079295154185 0.06387665198237885
1 0.19162995594713655 0.08149779735682819 0.05726872246696035 0.04185022026431718
1 0.30176211453744495 0.5088105726872246 0.07048458149779736 0.04185022026431718
1 0.22026431718061673 0.5066079295154186 0.05726872246696035 0.05066079295154185
1 0.30616740088105726 0.7951541850220264 0.06828193832599119 0.046255506607929514
1 0.5198237885462555 0.8612334801762115 0.04185022026431718 0.05066079295154185
1 0.5088105726872246 0.724669603524229 0.05286343612334802 0.04405286343612335
1 0.4955947136563877 0.5903083700440529 0.05726872246696035 0.04185022026431718
1 0.44933920704845814 0.46916299559471364 0.06167400881057269 0.039647577092511016
1 0.6651982378854625 0.6762114537444934 0.05726872246696035 0.024229074889867842
1 0.6585903083700441 0.6938325991189427 0.05726872246696035 0.024229074889867842
1 0.751101321585903 0.8259911894273128 0.048458149779735685 0.03524229074889868
1 0.6806167400881057 0.8171806167400881 0.05066079295154185 0.028634361233480177
1 0.8436123348017621 0.7092511013215859 0.03524229074889868 0.046255506607929514
1 0.8568281938325991 0.8370044052863436 0.046255506607929514 0.03524229074889868
1 0.8788546255506607 0.1960352422907489 0.046255506607929514 0.04405286343612335
1 0.8678414096916299 0.42951541850220265 0.037444933920704845 0.039647577092511016