1 0.09030837004405286 0.2488986784140969 0.08590308370044053 0.1696035242290749
1 0.17180616740088106 0.2973568281938326 0.1013215859030837 0.1277533039647577
1 0.19383259911894274 0.2026431718061674 0.11674008810572688 0.15418502202643172
1 0.27312775330396477 0.18722466960352424 0.09911894273127753 0.1343612334801762
1 0.7202643171806168 0.05726872246696035 0.16299559471365638 0.1145374449339207
1 0.6674008810572687 0.22026431718061673 0.10572687224669604 0.1299559471365639
1 0.7929515418502202 0.3436123348017621 0.10352422907488987 0.15859030837004406
1 0.711453744493392 0.43832599118942733 0.08149779735682819 0.1145374449339207
1 0.566079295154185 0.46255506607929514 0.09691629955947137 0.13656387665198239
1 0.460352422907489 0.5638766519823789 0.1211453744493392 0.15418502202643172
1 0.33480176211453744 0.5352422907488987 0.09911894273127753 0.11894273127753303
1 0.33480176211453744 0.42731277533039647 0.13656387665198239 0.17180616740088106