1 0.0881057268722467 0.724669603524229 0.06828193832599119 0.09911894273127753
1 0.07488986784140969 0.5440528634361234 0.05506607929515418 0.10352422907488987
1 0.06828193832599119 0.42731277533039647 0.048458149779735685 0.06167400881057269
1 0.22026431718061673 0.2356828193832599 0.06828193832599119 0.05726872246696035
1 0.11674008810572688 0.13876651982378854 0.06167400881057269 0.07929515418502203
1 0.3700440528634361 0.08370044052863436 0.06828193832599119 0.07488986784140969
1 0.45374449339207046 0.07929515418502203 0.07709251101321586 0.07709251101321586
1 0.3876651982378855 0.3303964757709251 0.09251101321585903 0.09691629955947137
1 0.44052863436123346 0.3986784140969163 0.04405286343612335 0.0881057268722467
1 0.394273127753304 0.45594713656387664 0.05947136563876652 0.07048458149779736
1 0.19823788546255505 0.32599118942731276 0.05066079295154185 0.04405286343612335
1 0.2709251101321586 0.4118942731277533 0.039647577092511016 0.037444933920704845
1 0.29515418502202645 0.48237885462555063 0.04405286343612335 0.07709251101321586
1 0.2599118942731278 0.4845814977973568 0.030837004405286344 0.046255506607929514
1 0.22026431718061673 0.5682819383259912 0.07709251101321586 0.08149779735682819
1 0.24008810572687225 0.6299559471365639 0.03524229074889868 0.048458149779735685
1 0.16740088105726872 0.460352422907489 0.046255506607929514 0.06387665198237885
1 0.18061674008810572 0.3898678414096916 0.037444933920704845 0.03524229074889868
1 0.09691629955947137 0.2973568281938326 0.06167400881057269 0.06607929515418502
1 0.4845814977973568 0.2092511013215859 0.05726872246696035 0.06828193832599119
1 0.2444933920704846 0.933920704845815 0.03524229074889868 0.046255506607929514
1 0.08149779735682819 0.9823788546255506 0.05726872246696035 0.03524229074889868
1 0.513215859030837 0.8612334801762115 0.09911894273127753 0.07709251101321586
1 0.44273127753303965 0.7026431718061674 0.046255506607929514 0.0881057268722467
1 0.3700440528634361 0.6696035242290749 0.028634361233480177 0.037444933920704845
1 0.5616740088105727 0.5110132158590308 0.046255506607929514 0.07048458149779736
1 0.513215859030837 0.6343612334801763 0.03524229074889868 0.06387665198237885
1 0.6718061674008811 0.6960352422907489 0.05066079295154185 0.07488986784140969
1 0.7092511013215859 0.8788546255506607 0.039647577092511016 0.05286343612334802
1 0.8281938325991189 0.4911894273127753 0.06167400881057269 0.06828193832599119
1 0.9845814977973568 0.6629955947136564 0.030837004405286344 0.03524229074889868
1 0.9361233480176211 0.5352422907488987 0.03303964757709251 0.05506607929515418
1 0.9669603524229075 0.5704845814977973 0.024229074889867842 0.039647577092511016
1 0.8766519823788547 0.3458149779735683 0.0947136563876652 0.0947136563876652
1 0.762114537444934 0.5330396475770925 0.06167400881057269 0.05726872246696035
1 0.7400881057268722 0.5594713656387665 0.06167400881057269 0.06607929515418502
1 0.6607929515418502 0.36784140969163 0.05947136563876652 0.08370044052863436
1 0.5859030837004405 0.33259911894273125 0.05726872246696035 0.07929515418502203
1 0.5352422907488987 0.29515418502202645 0.0881057268722467 0.07048458149779736
1 0.5484581497797357 0.21806167400881057 0.039647577092511016 0.03524229074889868
1 0.5286343612334802 0.1299559471365639 0.028634361233480177 0.05726872246696035
1 0.6938325991189427 0.05947136563876652 0.024229074889867842 0.04185022026431718
1 0.6651982378854625 0.10792951541850221 0.037444933920704845 0.05066079295154185
1 0.6145374449339207 0.08590308370044053 0.05286343612334802 0.07709251101321586
1 0.5837004405286343 0.16740088105726872 0.03303964757709251 0.048458149779735685
1 0.6343612334801763 0.22026431718061673 0.05066079295154185 0.05066079295154185
1 0.6784140969162996 0.2577092511013216 0.04185022026431718 0.05506607929515418
1 0.7224669603524229 0.31938325991189426 0.06167400881057269 0.06607929515418502
1 0.7665198237885462 0.2643171806167401 0.06607929515418502 0.05726872246696035
1 0.7466960352422908 0.42731277533039647 0.04405286343612335 0.046255506607929514
1 0.6806167400881057 0.4647577092511013 0.028634361233480177 0.04405286343612335
1 0.35462555066079293 0.8061674008810573 0.048458149779735685 0.03524229074889868