1 0.08149779735682819 0.9162995594713657 0.019823788546255508 0.019823788546255508
1 0.31718061674008813 0.9118942731277533 0.01762114537444934 0.024229074889867842
1 0.3854625550660793 0.8502202643171806 0.024229074889867842 0.022026431718061675
1 0.513215859030837 0.8392070484581498 0.013215859030837005 0.019823788546255508
1 0.5176211453744494 0.8171806167400881 0.015418502202643172 0.01762114537444934
1 0.2290748898678414 0.5242290748898678 0.028634361233480177 0.028634361233480177
1 0.14537444933920704 0.43392070484581496 0.022026431718061675 0.022026431718061675
1 0.2488986784140969 0.40308370044052866 0.019823788546255508 0.019823788546255508
1 0.3436123348017621 0.5682819383259912 0.024229074889867842 0.022026431718061675
1 0.3722466960352423 0.5352422907488987 0.022026431718061675 0.03524229074889868
1 0.5374449339207048 0.6938325991189427 0.019823788546255508 0.028634361233480177
1 0.5462555066079295 0.5881057268722467 0.019823788546255508 0.019823788546255508
1 0.6211453744493393 0.7951541850220264 0.013215859030837005 0.01762114537444934
1 0.6916299559471366 0.8700440528634361 0.015418502202643172 0.01762114537444934
1 0.7180616740088106 0.7224669603524229 0.019823788546255508 0.019823788546255508
1 0.6365638766519823 0.7026431718061674 0.019823788546255508 0.028634361233480177
1 0.6784140969162996 0.6872246696035242 0.019823788546255508 0.028634361233480177
1 0.30176211453744495 0.31277533039647576 0.019823788546255508 0.028634361233480177
1 0.5286343612334802 0.10352422907488987 0.013215859030837005 0.03524229074889868
1 0.9229074889867841 0.6850220264317181 0.013215859030837005 0.024229074889867842
1 0.8788546255506607 0.2533039647577093 0.022026431718061675 0.028634361233480177