1 0.22687224669603523 0.22687224669603523 0.01762114537444934 0.028634361233480177
1 0.2665198237885463 0.32599118942731276 0.015418502202643172 0.039647577092511016
1 0.27312775330396477 0.5198237885462555 0.013215859030837005 0.019823788546255508
1 0.28854625550660795 0.5242290748898678 0.013215859030837005 0.024229074889867842
1 0.4845814977973568 0.09251101321585903 0.019823788546255508 0.04185022026431718
1 0.566079295154185 0.1211453744493392 0.013215859030837005 0.028634361233480177
1 0.45374449339207046 0.2665198237885463 0.015418502202643172 0.03524229074889868
1 0.4779735682819383 0.30837004405286345 0.024229074889867842 0.030837004405286344
1 0.3700440528634361 0.5572687224669604 0.019823788546255508 0.03303964757709251
1 0.44052863436123346 0.5682819383259912 0.013215859030837005 0.030837004405286344
1 0.3039647577092511 0.6784140969162996 0.013215859030837005 0.019823788546255508
1 0.2555066079295154 0.7863436123348018 0.013215859030837005 0.024229074889867842
1 0.3524229074889868 0.8281938325991189 0.013215859030837005 0.028634361233480177
1 0.3634361233480176 0.7048458149779736 0.019823788546255508 0.028634361233480177
1 0.3766519823788546 0.7665198237885462 0.019823788546255508 0.028634361233480177
1 0.6255506607929515 0.20044052863436124 0.019823788546255508 0.028634361233480177
1 0.76431718061674 0.5418502202643172 0.024229074889867842 0.01762114537444934