1 0.9185022026431718 0.9162995594713657 0.019823788546255508 0.019823788546255508
1 0.6828193832599119 0.9118942731277533 0.019823788546255508 0.024229074889867842
1 0.6167400881057269 0.8502202643171806 0.02643171806167401 0.022026431718061675
1 0.4889867841409692 0.8392070484581498 0.013215859030837005 0.019823788546255508
1 0.4845814977973568 0.8171806167400881 0.01762114537444934 0.01762114537444934
1 0.7709251101321586 0.5242290748898678 0.028634361233480177 0.028634361233480177
1 0.8546255506607929 0.43392070484581496 0.024229074889867842 0.022026431718061675
1 0.7533039647577092 0.40308370044052866 0.019823788546255508 0.019823788546255508
1 0.6563876651982379 0.5682819383259912 0.024229074889867842 0.022026431718061675
1 0.6299559471365639 0.5352422907488987 0.019823788546255508 0.03524229074889868
1 0.46255506607929514 0.6938325991189427 0.022026431718061675 0.028634361233480177
1 0.45374449339207046 0.5881057268722467 0.022026431718061675 0.019823788546255508
1 0.381057268722467 0.7951541850220264 0.013215859030837005 0.01762114537444934
1 0.30837004405286345 0.8700440528634361 0.015418502202643172 0.01762114537444934
1 0.28193832599118945 0.7224669603524229 0.019823788546255508 0.019823788546255508
1 0.3634361233480176 0.7026431718061674 0.019823788546255508 0.028634361233480177
1 0.32158590308370044 0.6872246696035242 0.01762114537444934 0.028634361233480177
1 0.698237885462555 0.31277533039647576 0.019823788546255508 0.028634361233480177
1 0.4713656387665198 0.10352422907488987 0.013215859030837005 0.03524229074889868
1 0.07709251101321586 0.6850220264317181 0.013215859030837005 0.024229074889867842
1 0.1211453744493392 0.2533039647577093 0.022026431718061675 0.028634361233480177