1 0.06167400881057269 0.23348017621145375 0.0881057268722467 0.18722466960352424
1 0.16079295154185022 0.19162995594713655 0.07929515418502203 0.16519823788546256
1 0.20484581497797358 0.31718061674008813 0.05726872246696035 0.09030837004405286
1 0.27973568281938327 0.23788546255506607 0.06167400881057269 0.11894273127753303
1 0.42070484581497797 0.08370044052863436 0.09911894273127753 0.09030837004405286
1 0.45374449339207046 0.2907488986784141 0.09911894273127753 0.13656387665198239
1 0.5330396475770925 0.2709251101321586 0.05726872246696035 0.07048458149779736
1 0.5506607929515418 0.17400881057268722 0.07268722466960352 0.09911894273127753
1 0.76431718061674 0.16740088105726872 0.07488986784140969 0.1211453744493392
1 0.8722466960352423 0.23348017621145375 0.08370044052863436 0.13215859030837004
1 0.9515418502202643 0.12555066079295155 0.07268722466960352 0.08370044052863436
1 0.6960352422907489 0.460352422907489 0.09911894273127753 0.15859030837004406
1 0.5682819383259912 0.6013215859030837 0.06828193832599119 0.15198237885462554
1 0.4713656387665198 0.6167400881057269 0.07268722466960352 0.11013215859030837
1 0.3634361233480176 0.5550660792951542 0.07709251101321586 0.13215859030837004
1 0.6651982378854625 0.5925110132158591 0.08149779735682819 0.07268722466960352
1 0.7555066079295154 0.6651982378854625 0.046255506607929514 0.1145374449339207
1 0.8215859030837004 0.5925110132158591 0.11013215859030837 0.13656387665198239