1 0.4955947136563877 0.18061674008810572 0.05066079295154185 0.05286343612334802
1 0.15859030837004406 0.28193832599118945 0.05726872246696035 0.046255506607929514
1 0.06167400881057269 0.3237885462555066 0.046255506607929514 0.05066079295154185
1 0.030837004405286344 0.5220264317180616 0.05066079295154185 0.06387665198237885
1 0.1343612334801762 0.43832599118942733 0.02643171806167401 0.04405286343612335
1 0.048458149779735685 0.4185022026431718 0.039647577092511016 0.03524229074889868
1 0.20044052863436124 0.23348017621145375 0.046255506607929514 0.04405286343612335
1 0.27973568281938327 0.27973568281938327 0.05726872246696035 0.06387665198237885
1 0.32599118942731276 0.29295154185022027 0.05726872246696035 0.05726872246696035
1 0.41409691629955947 0.20704845814977973 0.05066079295154185 0.07268722466960352
1 0.4052863436123348 0.2488986784140969 0.05726872246696035 0.046255506607929514
1 0.6255506607929515 0.2444933920704846 0.05726872246696035 0.046255506607929514
1 0.6696035242290749 0.22246696035242292 0.024229074889867842 0.05066079295154185
1 0.5969162995594713 0.29955947136563876 0.02643171806167401 0.028634361233480177
1 0.5198237885462555 0.29955947136563876 0.06167400881057269 0.046255506607929514
1 0.41629955947136565 0.31277533039647576 0.046255506607929514 0.05506607929515418
1 0.46255506607929514 0.3370044052863436 0.030837004405286344 0.039647577092511016
1 0.36123348017621143 0.3458149779735683 0.05066079295154185 0.046255506607929514
1 0.6189427312775331 0.3458149779735683 0.04405286343612335 0.05506607929515418
1 0.15859030837004406 0.32819383259911894 0.03524229074889868 0.03524229074889868
1 0.11013215859030837 0.3502202643171806 0.03524229074889868 0.046255506607929514