0 0.08149779735682819 0.7136563876651982 0.14537444933920704 0.07268722466960352
0 0.21585903083700442 0.7687224669603524 0.13876651982378854 0.09030837004405286
0 0.20704845814977973 0.8281938325991189 0.04185022026431718 0.05066079295154185
0 0.2841409691629956 0.8259911894273128 0.039647577092511016 0.05506607929515418
0 0.3237885462555066 0.73568281938326 0.1145374449339207 0.07268722466960352
0 0.35462555066079293 0.8193832599118943 0.05066079295154185 0.05506607929515418
0 0.40308370044052866 0.775330396475771 0.04405286343612335 0.048458149779735685
0 0.5044052863436124 0.73568281938326 0.1696035242290749 0.08590308370044053
0 0.5859030837004405 0.775330396475771 0.046255506607929514 0.04185022026431718
0 0.6519823788546255 0.7334801762114538 0.11233480176211454 0.08590308370044053
0 0.6563876651982379 0.7290748898678414 0.11233480176211454 0.11233480176211454
0 0.6343612334801763 0.8171806167400881 0.05066079295154185 0.05066079295154185
0 0.711453744493392 0.8237885462555066 0.046255506607929514 0.046255506607929514
0 0.7334801762114538 0.7709251101321586 0.07709251101321586 0.07488986784140969
0 0.8502202643171806 0.7312775330396476 0.2026431718061674 0.14096916299559473
0 0.7929515418502202 0.8215859030837004 0.039647577092511016 0.05506607929515418
0 0.8568281938325991 0.8105726872246696 0.06167400881057269 0.05506607929515418
0 0.9185022026431718 0.8215859030837004 0.05066079295154185 0.039647577092511016