1 0.8744493392070485 0.30176211453744495 0.039647577092511016 0.06167400881057269
1 0.748898678414097 0.3568281938325991 0.039647577092511016 0.05286343612334802
1 0.5550660792951542 0.42290748898678415 0.039647577092511016 0.03524229074889868
1 0.6365638766519823 0.42951541850220265 0.039647577092511016 0.03524229074889868
1 0.5176211453744494 0.4801762114537445 0.03524229074889868 0.039647577092511016
1 0.4955947136563877 0.513215859030837 0.039647577092511016 0.05726872246696035
1 0.4647577092511013 0.5506607929515418 0.03524229074889868 0.039647577092511016
1 0.5066079295154186 0.5638766519823789 0.03524229074889868 0.048458149779735685
1 0.539647577092511 0.5881057268722467 0.03524229074889868 0.03524229074889868
1 0.5859030837004405 0.6519823788546255 0.03524229074889868 0.046255506607929514
1 0.6343612334801763 0.6629955947136564 0.03524229074889868 0.05066079295154185