1 0.05726872246696035 0.3502202643171806 0.07929515418502203 0.07268722466960352
1 0.09030837004405286 0.4647577092511013 0.09030837004405286 0.07488986784140969
1 0.21806167400881057 0.41409691629955947 0.05947136563876652 0.07268722466960352
1 0.3303964757709251 0.43612334801762115 0.05726872246696035 0.06387665198237885
1 0.30616740088105726 0.486784140969163 0.039647577092511016 0.07488986784140969
1 0.473568281938326 0.5022026431718062 0.06828193832599119 0.06167400881057269
1 0.6343612334801763 0.5682819383259912 0.06828193832599119 0.05947136563876652
1 0.5726872246696035 0.6123348017621145 0.046255506607929514 0.05726872246696035
1 0.5220264317180616 0.7466960352422908 0.06607929515418502 0.06828193832599119
1 0.40748898678414097 0.5814977973568282 0.07048458149779736 0.06167400881057269
1 0.4647577092511013 0.5550660792951542 0.05726872246696035 0.07488986784140969
1 0.566079295154185 0.6718061674008811 0.05947136563876652 0.06828193832599119
1 0.7444933920704846 0.6674008810572687 0.06828193832599119 0.05947136563876652
1 0.8370044052863436 0.7158590308370044 0.07268722466960352 0.06828193832599119
1 0.9449339207048458 0.6938325991189427 0.06607929515418502 0.06167400881057269
1 0.9537444933920705 0.8414096916299559 0.05726872246696035 0.04185022026431718
1 0.8854625550660793 0.8524229074889867 0.046255506607929514 0.04405286343612335