1 0.31718061674008813 0.1828193832599119 0.02643171806167401 0.039647577092511016
1 0.32158590308370044 0.3370044052863436 0.03303964757709251 0.046255506607929514
1 0.4779735682819383 0.30176211453744495 0.037444933920704845 0.039647577092511016
1 0.5220264317180616 0.11894273127753303 0.046255506607929514 0.07048458149779736
1 0.5947136563876652 0.2511013215859031 0.024229074889867842 0.030837004405286344
1 0.7290748898678414 0.08590308370044053 0.024229074889867842 0.05506607929515418
1 0.6299559471365639 0.3876651982378855 0.024229074889867842 0.048458149779735685
1 0.7687224669603524 0.3634361233480176 0.03303964757709251 0.05286343612334802
1 0.7687224669603524 0.5594713656387665 0.039647577092511016 0.046255506607929514
1 0.7026431718061674 0.7819383259911894 0.030837004405286344 0.06167400881057269
1 0.5022026431718062 0.44273127753303965 0.028634361233480177 0.05286343612334802