1 0.3876651982378855 0.6387665198237885 0.06167400881057269 0.06828193832599119
1 0.5881057268722467 0.5022026431718062 0.037444933920704845 0.05066079295154185
1 0.6806167400881057 0.539647577092511 0.05066079295154185 0.05066079295154185
1 0.7136563876651982 0.4889867841409692 0.05726872246696035 0.05066079295154185
1 0.7907488986784141 0.4118942731277533 0.046255506607929514 0.046255506607929514
1 0.8039647577092511 0.3568281938325991 0.05066079295154185 0.06167400881057269
1 0.9229074889867841 0.486784140969163 0.05066079295154185 0.048458149779735685
1 0.8215859030837004 0.5506607929515418 0.07048458149779736 0.03524229074889868
1 0.8083700440528634 0.5991189427312775 0.06167400881057269 0.028634361233480177
1 0.8392070484581498 0.7577092511013216 0.06167400881057269 0.05506607929515418
1 0.6850220264317181 0.775330396475771 0.07488986784140969 0.04405286343612335
1 0.6850220264317181 0.8392070484581498 0.05947136563876652 0.046255506607929514
1 0.6387665198237885 0.8766519823788547 0.05726872246696035 0.05066079295154185
1 0.5242290748898678 0.8876651982378855 0.05506607929515418 0.03524229074889868
1 0.4889867841409692 0.8436123348017621 0.05066079295154185 0.046255506607929514
1 0.5704845814977973 0.7334801762114538 0.05726872246696035 0.028634361233480177
1 0.6211453744493393 0.6607929515418502 0.03303964757709251 0.04185022026431718
1 0.6145374449339207 0.6035242290748899 0.05726872246696035 0.03524229074889868
1 0.5903083700440529 0.5682819383259912 0.05066079295154185 0.039647577092511016