1 0.07709251101321586 0.3524229074889868 0.03524229074889868 0.030837004405286344
1 0.14317180616740088 0.3722466960352423 0.022026431718061675 0.028634361233480177
1 0.20484581497797358 0.381057268722467 0.02643171806167401 0.028634361233480177
1 0.29295154185022027 0.3964757709251101 0.04405286343612335 0.028634361233480177
1 0.4118942731277533 0.3898678414096916 0.028634361233480177 0.028634361233480177
1 0.5330396475770925 0.41409691629955947 0.015418502202643172 0.019823788546255508
1 0.46255506607929514 0.5110132158590308 0.03303964757709251 0.028634361233480177
1 0.5770925110132159 0.4977973568281938 0.024229074889867842 0.03303964757709251
1 0.6079295154185022 0.48237885462555063 0.019823788546255508 0.030837004405286344
1 0.6563876651982379 0.42731277533039647 0.01762114537444934 0.02643171806167401
1 0.6629955947136564 0.460352422907489 0.03524229074889868 0.028634361233480177
1 0.73568281938326 0.44933920704845814 0.024229074889867842 0.03524229074889868