1 0.3986784140969163 0.2907488986784141 0.03524229074889868 0.07709251101321586
1 0.526431718061674 0.1343612334801762 0.03524229074889868 0.06387665198237885
1 0.5814977973568282 0.2092511013215859 0.05066079295154185 0.08590308370044053
1 0.6013215859030837 0.3392070484581498 0.03524229074889868 0.09251101321585903
1 0.8237885462555066 0.1894273127753304 0.05506607929515418 0.07709251101321586
1 0.44933920704845814 0.3700440528634361 0.039647577092511016 0.07048458149779736
1 0.28634361233480177 0.48237885462555063 0.04405286343612335 0.06167400881057269
1 0.23127753303964757 0.7202643171806168 0.046255506607929514 0.06387665198237885
1 0.31277533039647576 0.6563876651982379 0.037444933920704845 0.07268722466960352
1 0.3524229074889868 0.6365638766519823 0.024229074889867842 0.046255506607929514
1 0.45154185022026433 0.6145374449339207 0.019823788546255508 0.05726872246696035
1 0.3986784140969163 0.748898678414097 0.028634361233480177 0.06828193832599119
1 0.3634361233480176 0.76431718061674 0.046255506607929514 0.06607929515418502
1 0.1343612334801762 0.7092511013215859 0.03524229074889868 0.07929515418502203
1 0.4669603524229075 0.698237885462555 0.03303964757709251 0.08370044052863436
1 0.5418502202643172 0.6585903083700441 0.03303964757709251 0.06167400881057269
1 0.552863436123348 0.7422907488986784 0.04185022026431718 0.09030837004405286