1 0.473568281938326 0.17180616740088106 0.07929515418502203 0.039647577092511016
1 0.6101321585903083 0.15638766519823788 0.030837004405286344 0.03524229074889868
1 0.6585903083700441 0.11233480176211454 0.05286343612334802 0.039647577092511016
1 0.6255506607929515 0.2753303964757709 0.048458149779735685 0.030837004405286344
1 0.6321585903083701 0.566079295154185 0.05066079295154185 0.05506607929515418
1 0.4669603524229075 0.3832599118942731 0.048458149779735685 0.04185022026431718
1 0.5814977973568282 0.30837004405286345 0.05066079295154185 0.030837004405286344
1 0.5440528634361234 0.23127753303964757 0.04185022026431718 0.030837004405286344
1 0.473568281938326 0.2775330396475771 0.05947136563876652 0.04405286343612335
1 0.381057268722467 0.41409691629955947 0.04185022026431718 0.04185022026431718
1 0.4669603524229075 0.43171806167400884 0.048458149779735685 0.02643171806167401