1 0.5991189427312775 0.23348017621145375 0.09251101321585903 0.05506607929515418
1 0.579295154185022 0.08149779735682819 0.028634361233480177 0.028634361233480177
1 0.44933920704845814 0.16740088105726872 0.02643171806167401 0.015418502202643172
1 0.31718061674008813 0.24008810572687225 0.05066079295154185 0.039647577092511016
1 0.40969162995594716 0.2687224669603524 0.019823788546255508 0.01762114537444934
1 0.46916299559471364 0.22026431718061673 0.04185022026431718 0.022026431718061675
1 0.5352422907488987 0.2973568281938326 0.03524229074889868 0.015418502202643172
1 0.3788546255506608 0.30837004405286345 0.019823788546255508 0.01762114537444934
1 0.5440528634361234 0.15198237885462554 0.028634361233480177 0.024229074889867842
1 0.5594713656387665 0.1211453744493392 0.05947136563876652 0.039647577092511016
1 0.43392070484581496 0.23788546255506607 0.024229074889867842 0.01762114537444934
1 0.47577092511013214 0.24669603524229075 0.05286343612334802 0.02643171806167401
1 0.5220264317180616 0.22246696035242292 0.03524229074889868 0.00881057268722467
1 0.34801762114537443 0.2841409691629956 0.011013215859030838 0.024229074889867842