1 0.3832599118942731 0.5044052863436124 0.14977973568281938 0.31277533039647576
1 0.6035242290748899 0.2444933920704846 0.14537444933920704 0.1894273127753304
1 0.7863436123348018 0.42070484581497797 0.0881057268722467 0.14537444933920704
1 0.775330396475771 0.7092511013215859 0.1343612334801762 0.14757709251101322
1 0.6696035242290749 0.801762114537445 0.08370044052863436 0.09691629955947137
1 0.737885462555066 0.9405286343612335 0.06828193832599119 0.10792951541850221
1 0.7400881057268722 0.8105726872246696 0.05066079295154185 0.09030837004405286
1 0.9647577092511013 0.9185022026431718 0.07048458149779736 0.09251101321585903
1 0.5726872246696035 0.9229074889867841 0.06828193832599119 0.07268722466960352
1 0.33480176211453744 0.7819383259911894 0.07268722466960352 0.07268722466960352
1 0.16740088105726872 0.43171806167400884 0.1145374449339207 0.3039647577092511