1 0.2290748898678414 0.15638766519823788 0.07268722466960352 0.11894273127753303
1 0.2775330396475771 0.31938325991189426 0.05506607929515418 0.10572687224669604
1 0.3898678414096916 0.42070484581497797 0.09030837004405286 0.0881057268722467
1 0.5088105726872246 0.2907488986784141 0.05726872246696035 0.11233480176211454
1 0.6145374449339207 0.22466960352422907 0.07048458149779736 0.11013215859030837
1 0.8193832599118943 0.381057268722467 0.09911894273127753 0.12334801762114538
1 0.2907488986784141 0.698237885462555 0.03524229074889868 0.09030837004405286
1 0.3392070484581498 0.7026431718061674 0.07048458149779736 0.05286343612334802
1 0.19823788546255505 0.6850220264317181 0.06167400881057269 0.08370044052863436
1 0.07709251101321586 0.6960352422907489 0.037444933920704845 0.05286343612334802
1 0.14317180616740088 0.7092511013215859 0.037444933920704845 0.04185022026431718