1 0.19823788546255505 0.2555066079295154 0.15859030837004406 0.17841409691629956
1 0.3744493392070485 0.16740088105726872 0.14977973568281938 0.07268722466960352
1 0.552863436123348 0.27973568281938327 0.09251101321585903 0.11233480176211454
1 0.4955947136563877 0.5110132158590308 0.08590308370044053 0.10572687224669604
1 0.8920704845814978 0.3986784140969163 0.10572687224669604 0.09251101321585903
1 0.3700440528634361 0.513215859030837 0.08149779735682819 0.07709251101321586
1 0.08590308370044053 0.5947136563876652 0.17180616740088106 0.0947136563876652
1 0.3524229074889868 0.7158590308370044 0.05947136563876652 0.08590308370044053
1 0.5770925110132159 0.8546255506607929 0.046255506607929514 0.08590308370044053
1 0.6850220264317181 0.8348017621145375 0.06607929515418502 0.05066079295154185
1 0.6960352422907489 0.9096916299559471 0.05947136563876652 0.046255506607929514
1 0.9052863436123348 0.9405286343612335 0.06167400881057269 0.019823788546255508
1 0.947136563876652 0.5462555066079295 0.07709251101321586 0.05066079295154185
1 0.1894273127753304 0.9405286343612335 0.07268722466960352 0.07268722466960352