2 0.1960352422907489 0.1299559471365639 0.28193832599118945 0.1960352422907489
2 0.19823788546255505 0.3700440528634361 0.31718061674008813 0.21145374449339208
2 0.20044052863436124 0.6167400881057269 0.31938325991189426 0.1894273127753304
2 0.19383259911894274 0.8524229074889867 0.29955947136563876 0.18722466960352424
2 0.5088105726872246 0.8612334801762115 0.2665198237885463 0.20484581497797358
2 0.5044052863436124 0.6189427312775331 0.2444933920704846 0.20484581497797358
2 0.5044052863436124 0.3854625550660793 0.2444933920704846 0.2290748898678414
2 0.5066079295154186 0.1343612334801762 0.27312775330396477 0.17180616740088106
2 0.8061674008810573 0.14096916299559473 0.27312775330396477 0.1894273127753304
2 0.7973568281938326 0.3920704845814978 0.28193832599118945 0.2092511013215859
2 0.7973568281938326 0.6233480176211453 0.28634361233480177 0.15638766519823788
2 0.801762114537445 0.8590308370044053 0.2775330396475771 0.21806167400881057