2 0.1299559471365639 0.08590308370044053 0.22687224669603523 0.10352422907488987
2 0.3854625550660793 0.0881057268722467 0.2444933920704846 0.1211453744493392
2 0.6277533039647577 0.07929515418502203 0.20704845814977973 0.11013215859030837
2 0.8678414096916299 0.07268722466960352 0.23127753303964757 0.11013215859030837
2 0.8678414096916299 0.20704845814977973 0.21806167400881057 0.11013215859030837
2 0.6277533039647577 0.21365638766519823 0.22246696035242292 0.11674008810572688
2 0.3766519823788546 0.21365638766519823 0.23127753303964757 0.10792951541850221
2 0.13656387665198239 0.20704845814977973 0.22466960352422907 0.11013215859030837
2 0.1277533039647577 0.4052863436123348 0.21365638766519823 0.24008810572687225
2 0.3788546255506608 0.394273127753304 0.2026431718061674 0.2488986784140969
2 0.6145374449339207 0.3898678414096916 0.22246696035242292 0.2356828193832599
2 0.8590308370044053 0.3964757709251101 0.18722466960352424 0.2511013215859031
2 0.8568281938325991 0.5704845814977973 0.21806167400881057 0.06828193832599119
2 0.6233480176211453 0.5682819383259912 0.21806167400881057 0.07709251101321586
2 0.3766519823788546 0.5837004405286343 0.2555066079295154 0.0881057268722467
2 0.12555066079295155 0.579295154185022 0.20704845814977973 0.09911894273127753
2 0.1277533039647577 0.8127753303964758 0.20704845814977973 0.2665198237885463
2 0.8678414096916299 0.8127753303964758 0.23127753303964757 0.29955947136563876