2 0.2422907488986784 0.18502202643171806 0.05286343612334802 0.039647577092511016
2 0.2444933920704846 0.3744493392070485 0.07488986784140969 0.05066079295154185
2 0.09030837004405286 0.4118942731277533 0.048458149779735685 0.04185022026431718
2 0.14317180616740088 0.27973568281938327 0.03303964757709251 0.046255506607929514
2 0.4581497797356828 0.21806167400881057 0.2577092511013216 0.1894273127753304
2 0.5638766519823789 0.35462555066079293 0.02643171806167401 0.03524229074889868
2 0.6740088105726872 0.2577092511013216 0.11894273127753303 0.06607929515418502
2 0.6916299559471366 0.11894273127753303 0.05066079295154185 0.030837004405286344
2 0.8348017621145375 0.14317180616740088 0.08370044052863436 0.04405286343612335
2 0.9052863436123348 0.21585903083700442 0.048458149779735685 0.039647577092511016
2 0.8942731277533039 0.3854625550660793 0.039647577092511016 0.03303964757709251