2 0.23348017621145375 0.16079295154185022 0.14977973568281938 0.1696035242290749
2 0.08370044052863436 0.3568281938325991 0.13656387665198239 0.13215859030837004
2 0.2709251101321586 0.42290748898678415 0.11013215859030837 0.15638766519823788
2 0.45154185022026433 0.3876651982378855 0.11674008810572688 0.09691629955947137
2 0.5726872246696035 0.2687224669603524 0.15198237885462554 0.1696035242290749
2 0.46255506607929514 0.07709251101321586 0.1211453744493392 0.1211453744493392
2 0.8237885462555066 0.24008810572687225 0.27312775330396477 0.2687224669603524
2 0.5176211453744494 0.6145374449339207 0.7180616740088106 0.3436123348017621
2 0.8700440528634361 0.6916299559471366 0.16299559471365638 0.09911894273127753
2 0.1211453744493392 0.7334801762114538 0.17400881057268722 0.1211453744493392
2 0.31497797356828194 0.8942731277533039 0.3590308370044053 0.15198237885462554
2 0.7158590308370044 0.8788546255506607 0.14757709251101322 0.0881057268722467