2 0.1145374449339207 0.1762114537444934 0.1277533039647577 0.13215859030837004
2 0.30176211453744495 0.18722466960352424 0.1762114537444934 0.15859030837004406
2 0.12334801762114538 0.473568281938326 0.15859030837004406 0.13215859030837004
2 0.35462555066079293 0.5969162995594713 0.20484581497797358 0.18502202643171806
2 0.2092511013215859 0.76431718061674 0.14537444933920704 0.16740088105726872
2 0.42070484581497797 0.8678414096916299 0.16299559471365638 0.14757709251101322
2 0.5682819383259912 0.6894273127753304 0.1145374449339207 0.14537444933920704
2 0.5440528634361234 0.33259911894273125 0.1145374449339207 0.14537444933920704
2 0.6079295154185022 0.17841409691629956 0.10352422907488987 0.20484581497797358
2 0.7973568281938326 0.3524229074889868 0.09030837004405286 0.17180616740088106
2 0.8810572687224669 0.11894273127753303 0.13215859030837004 0.19823788546255505
2 0.8744493392070485 0.5969162995594713 0.05726872246696035 0.0947136563876652
2 0.6806167400881057 0.6013215859030837 0.17400881057268722 0.1960352422907489
2 0.7136563876651982 0.8215859030837004 0.1145374449339207 0.1343612334801762