2 0.12555066079295155 0.16079295154185022 0.1696035242290749 0.11674008810572688
2 0.1828193832599119 0.3392070484581498 0.11013215859030837 0.06828193832599119
2 0.40748898678414097 0.2444933920704846 0.17400881057268722 0.12555066079295155
2 0.6123348017621145 0.32599118942731276 0.12334801762114538 0.07048458149779736
2 0.7929515418502202 0.2092511013215859 0.19162995594713655 0.10792951541850221
2 0.9427312775330396 0.32599118942731276 0.07488986784140969 0.05947136563876652
2 0.8942731277533039 0.4779735682819383 0.08370044052863436 0.06167400881057269
2 0.751101321585903 0.6211453744493393 0.36123348017621143 0.15418502202643172
2 0.41409691629955947 0.748898678414097 0.09030837004405286 0.07488986784140969
2 0.17400881057268722 0.6409691629955947 0.2444933920704846 0.10572687224669604
2 0.06167400881057269 0.4911894273127753 0.06167400881057269 0.05947136563876652
2 0.3766519823788546 0.473568281938326 0.22466960352422907 0.10572687224669604