1 0.6101321585903083 0.2775330396475771 0.05726872246696035 0.15638766519823788
1 0.7290748898678414 0.4052863436123348 0.05726872246696035 0.07488986784140969
1 0.5638766519823789 0.44052863436123346 0.05066079295154185 0.12555066079295155
1 0.539647577092511 0.566079295154185 0.048458149779735685 0.1145374449339207
1 0.4933920704845815 0.6211453744493393 0.039647577092511016 0.1013215859030837
1 0.3986784140969163 0.6696035242290749 0.03524229074889868 0.06607929515418502
1 0.801762114537445 0.7268722466960352 0.05066079295154185 0.06607929515418502
1 0.5330396475770925 0.7951541850220264 0.04405286343612335 0.06607929515418502
1 0.5903083700440529 0.8810572687224669 0.04405286343612335 0.05726872246696035
1 0.6629955947136564 0.9449339207048458 0.04405286343612335 0.05066079295154185
1 0.6189427312775331 0.12334801762114538 0.05726872246696035 0.14977973568281938