2 0.1211453744493392 0.3237885462555066 0.20704845814977973 0.11013215859030837
2 0.11013215859030837 0.5484581497797357 0.20044052863436124 0.13215859030837004
2 0.7731277533039648 0.18722466960352424 0.21806167400881057 0.14317180616740088
2 0.45374449339207046 0.3744493392070485 0.09911894273127753 0.05066079295154185
2 0.30176211453744495 0.42731277533039647 0.21806167400881057 0.10352422907488987
2 0.09691629955947137 0.7048458149779736 0.13215859030837004 0.06387665198237885
2 0.19162995594713655 0.5903083700440529 0.08149779735682819 0.04185022026431718
2 0.1696035242290749 0.14757709251101322 0.20704845814977973 0.1299559471365639
2 0.5022026431718062 0.18722466960352424 0.2092511013215859 0.1696035242290749
2 0.4977973568281938 0.4977973568281938 0.2599118942731278 0.18502202643171806
2 0.31277533039647576 0.6607929515418502 0.18722466960352424 0.1277533039647577
2 0.8854625550660793 0.019823788546255508 0.02643171806167401 0.03303964757709251
2 0.6585903083700441 0.3524229074889868 0.18061674008810572 0.24669603524229075
2 0.5770925110132159 0.7092511013215859 0.13215859030837004 0.08370044052863436
2 0.7026431718061674 0.6255506607929515 0.15638766519823788 0.1277533039647577
2 0.9361233480176211 0.5616740088105727 0.12334801762114538 0.08370044052863436
2 0.16299559471365638 0.751101321585903 0.08590308370044053 0.1013215859030837