2 0.19383259911894274 0.5770925110132159 0.16079295154185022 0.09911894273127753
2 0.8392070484581498 0.2577092511013216 0.23348017621145375 0.09911894273127753
2 0.4647577092511013 0.7995594713656388 0.17180616740088106 0.08370044052863436
2 0.4911894273127753 0.5550660792951542 0.5352422907488987 0.22246696035242292
2 0.5 0.36784140969163 0.23127753303964757 0.15418502202643172
2 0.5947136563876652 0.17841409691629956 0.21145374449339208 0.14537444933920704
2 0.40308370044052866 0.15418502202643172 0.2444933920704846 0.14977973568281938
2 0.22466960352422907 0.1145374449339207 0.2026431718061674 0.1211453744493392
2 0.7665198237885462 0.10792951541850221 0.21806167400881057 0.1211453744493392
2 0.933920704845815 0.2026431718061674 0.13215859030837004 0.0881057268722467
2 0.7819383259911894 0.7026431718061674 0.1277533039647577 0.1211453744493392
2 0.8105726872246696 0.6013215859030837 0.14977973568281938 0.07268722466960352
2 0.7973568281938326 0.43612334801762115 0.0947136563876652 0.07048458149779736
2 0.7092511013215859 0.3766519823788546 0.12555066079295155 0.09251101321585903
2 0.20484581497797358 0.2709251101321586 0.15418502202643172 0.1277533039647577
2 0.23127753303964757 0.3700440528634361 0.14096916299559473 0.09911894273127753
2 0.06167400881057269 0.2092511013215859 0.10352422907488987 0.09251101321585903
2 0.09911894273127753 0.4052863436123348 0.09691629955947137 0.05726872246696035
2 0.15638766519823788 0.4581497797356828 0.07709251101321586 0.06167400881057269
2 0.09251101321585903 0.5154185022026432 0.1013215859030837 0.06387665198237885
2 0.07268722466960352 0.6123348017621145 0.07709251101321586 0.039647577092511016
2 0.17400881057268722 0.6894273127753304 0.13656387665198239 0.10572687224669604
2 0.28854625550660795 0.7951541850220264 0.14757709251101322 0.1211453744493392
2 0.6365638766519823 0.762114537444934 0.15418502202643172 0.13215859030837004
2 0.9229074889867841 0.5286343612334802 0.07048458149779736 0.039647577092511016
2 0.039647577092511016 0.44493392070484583 0.07709251101321586 0.05947136563876652
2 0.8612334801762115 0.3920704845814978 0.0881057268722467 0.05506607929515418
2 0.8810572687224669 0.4669603524229075 0.08370044052863436 0.06167400881057269
2 0.9449339207048458 0.43612334801762115 0.09911894273127753 0.05506607929515418