2 0.11233480176211454 0.13215859030837004 0.06387665198237885 0.05726872246696035
2 0.09691629955947137 0.3656387665198238 0.048458149779735685 0.046255506607929514
2 0.2753303964757709 0.14757709251101322 0.07048458149779736 0.048458149779735685
2 0.4008810572687225 0.16740088105726872 0.08590308370044053 0.06387665198237885
2 0.5352422907488987 0.1277533039647577 0.06828193832599119 0.05066079295154185
2 0.7202643171806168 0.11894273127753303 0.09251101321585903 0.06828193832599119
2 0.8942731277533039 0.07268722466960352 0.1343612334801762 0.0947136563876652
2 0.9383259911894273 0.14757709251101322 0.08370044052863436 0.07268722466960352
2 0.8215859030837004 0.2290748898678414 0.1211453744493392 0.0881057268722467
2 0.9427312775330396 0.2687224669603524 0.08149779735682819 0.07488986784140969
2 0.8634361233480177 0.32819383259911894 0.039647577092511016 0.04405286343612335
2 0.8854625550660793 0.42731277533039647 0.05066079295154185 0.05726872246696035
2 0.7555066079295154 0.4185022026431718 0.06607929515418502 0.05947136563876652
2 0.6651982378854625 0.3039647577092511 0.06607929515418502 0.05726872246696035
2 0.6674008810572687 0.23127753303964757 0.0881057268722467 0.06828193832599119
2 0.5726872246696035 0.2092511013215859 0.08149779735682819 0.039647577092511016
2 0.29515418502202645 0.3964757709251101 0.06167400881057269 0.05066079295154185
2 0.36784140969163 0.3370044052863436 0.07048458149779736 0.04405286343612335
2 0.44713656387665196 0.36784140969163 0.07709251101321586 0.039647577092511016
2 0.5242290748898678 0.33259911894273125 0.06167400881057269 0.037444933920704845
2 0.5770925110132159 0.29515418502202645 0.05947136563876652 0.05506607929515418
2 0.43832599118942733 0.2643171806167401 0.06387665198237885 0.039647577092511016
2 0.21145374449339208 0.24008810572687225 0.08590308370044053 0.046255506607929514
2 0.2753303964757709 0.14317180616740088 0.08149779735682819 0.05066079295154185
2 0.2621145374449339 0.30616740088105726 0.07929515418502203 0.04185022026431718
2 0.6145374449339207 0.381057268722467 0.07488986784140969 0.05947136563876652
2 0.5550660792951542 0.42951541850220265 0.048458149779735685 0.046255506607929514
2 0.46255506607929514 0.45154185022026433 0.06828193832599119 0.04185022026431718
2 0.394273127753304 0.45594713656387664 0.06387665198237885 0.03524229074889868
2 0.2533039647577093 0.4581497797356828 0.04405286343612335 0.03303964757709251
2 0.14317180616740088 0.42070484581497797 0.05506607929515418 0.05506607929515418
2 0.1343612334801762 0.486784140969163 0.05726872246696035 0.03524229074889868
2 0.15638766519823788 0.5374449339207048 0.06167400881057269 0.03524229074889868
2 0.40969162995594716 0.5198237885462555 0.05506607929515418 0.039647577092511016
2 0.5044052863436124 0.5 0.06167400881057269 0.05066079295154185
2 0.5881057268722467 0.5110132158590308 0.05286343612334802 0.037444933920704845
2 0.6211453744493393 0.46255506607929514 0.048458149779735685 0.04185022026431718
2 0.6828193832599119 0.43612334801762115 0.04185022026431718 0.04405286343612335
2 0.8171806167400881 0.42951541850220265 0.05726872246696035 0.05506607929515418
2 0.8149779735682819 0.3700440528634361 0.06167400881057269 0.04185022026431718
2 0.7158590308370044 0.34801762114537443 0.12555066079295155 0.06607929515418502
2 0.9361233480176211 0.3700440528634361 0.06828193832599119 0.046255506607929514
2 0.3039647577092511 0.4933920704845815 0.05947136563876652 0.028634361233480177
2 0.2577092511013216 0.513215859030837 0.039647577092511016 0.024229074889867842
2 0.06607929515418502 0.5110132158590308 0.06387665198237885 0.028634361233480177
2 0.07929515418502203 0.44933920704845814 0.046255506607929514 0.037444933920704845
2 0.022026431718061675 0.42731277533039647 0.04405286343612335 0.03524229074889868
2 0.039647577092511016 0.5484581497797357 0.04185022026431718 0.03524229074889868
2 0.1277533039647577 0.6145374449339207 0.09030837004405286 0.039647577092511016
2 0.14537444933920704 0.5748898678414097 0.0881057268722467 0.030837004405286344