2 0.11894273127753303 0.18722466960352424 0.11233480176211454 0.11013215859030837
2 0.2907488986784141 0.18502202643171806 0.1211453744493392 0.1277533039647577
2 0.5484581497797357 0.3303964757709251 0.09911894273127753 0.08590308370044053
2 0.6057268722466961 0.1894273127753304 0.10572687224669604 0.11674008810572688
2 0.8788546255506607 0.13215859030837004 0.10572687224669604 0.1211453744493392
2 0.8039647577092511 0.35462555066079293 0.0947136563876652 0.0881057268722467
2 0.6740088105726872 0.6013215859030837 0.14096916299559473 0.15418502202643172
2 0.8722466960352423 0.6035242290748899 0.07709251101321586 0.07268722466960352
2 0.711453744493392 0.8303964757709251 0.10572687224669604 0.10572687224669604
2 0.42731277533039647 0.8744493392070485 0.10572687224669604 0.0947136563876652
2 0.5638766519823789 0.698237885462555 0.07488986784140969 0.06607929515418502
2 0.3458149779735683 0.5947136563876652 0.1696035242290749 0.15418502202643172
2 0.2026431718061674 0.7709251101321586 0.17400881057268722 0.12334801762114538
2 0.1277533039647577 0.486784140969163 0.11674008810572688 0.12555066079295155