2 0.6013215859030837 0.6585903083700441 0.06828193832599119 0.03524229074889868
2 0.5242290748898678 0.5110132158590308 0.460352422907489 0.1894273127753304
2 0.1894273127753304 0.6123348017621145 0.2753303964757709 0.09911894273127753
2 0.06607929515418502 0.7136563876651982 0.07268722466960352 0.05506607929515418
2 0.7907488986784141 0.34801762114537443 0.29515418502202645 0.10352422907488987
2 0.6277533039647577 0.7466960352422908 0.15418502202643172 0.0947136563876652
2 0.16299559471365638 0.7268722466960352 0.046255506607929514 0.028634361233480177
2 0.1960352422907489 0.28634361233480177 0.3722466960352423 0.20044052863436124
2 0.381057268722467 0.7709251101321586 0.16079295154185022 0.08590308370044053
2 0.5484581497797357 0.8788546255506607 0.0947136563876652 0.06607929515418502
2 0.5704845814977973 0.1145374449339207 0.29515418502202645 0.1343612334801762
2 0.3039647577092511 0.1211453744493392 0.1277533039647577 0.03524229074889868
2 0.539647577092511 0.28193832599118945 0.09911894273127753 0.05286343612334802
2 0.8171806167400881 0.6145374449339207 0.2422907488986784 0.11233480176211454
2 0.9162995594713657 0.15638766519823788 0.16519823788546256 0.11894273127753303
2 0.6299559471365639 0.21585903083700442 0.1145374449339207 0.046255506607929514
2 0.7444933920704846 0.2290748898678414 0.0881057268722467 0.04185022026431718
2 0.9140969162995595 0.2533039647577093 0.09251101321585903 0.048458149779735685