2 0.40748898678414097 0.8920704845814978 0.12555066079295155 0.1145374449339207
2 0.6101321585903083 0.4008810572687225 0.2511013215859031 0.31938325991189426
2 0.18061674008810572 0.4713656387665198 0.24008810572687225 0.32819383259911894
2 0.27973568281938327 0.20704845814977973 0.13656387665198239 0.1696035242290749
2 0.42951541850220265 0.2753303964757709 0.09911894273127753 0.1145374449339207
2 0.8942731277533039 0.1343612334801762 0.2092511013215859 0.2687224669603524
2 0.5682819383259912 0.7092511013215859 0.11013215859030837 0.1211453744493392
2 0.7224669603524229 0.8370044052863436 0.1145374449339207 0.09911894273127753
2 0.6607929515418502 0.748898678414097 0.14757709251101322 0.15638766519823788
2 0.45374449339207046 0.5352422907488987 0.14317180616740088 0.15859030837004406
2 0.762114537444934 0.526431718061674 0.16299559471365638 0.24008810572687225
2 0.8370044052863436 0.6233480176211453 0.13876651982378854 0.18061674008810572
2 0.9383259911894273 0.6607929515418502 0.12334801762114538 0.23788546255506607
2 0.2687224669603524 0.35462555066079293 0.11674008810572688 0.14317180616740088