2 0.6387665198237885 0.4052863436123348 0.22026431718061673 0.10572687224669604
2 0.2907488986784141 0.5044052863436124 0.3039647577092511 0.11013215859030837
2 0.20044052863436124 0.2753303964757709 0.23127753303964757 0.19383259911894274
2 0.8281938325991189 0.06387665198237885 0.2555066079295154 0.12555066079295155
2 0.7158590308370044 0.698237885462555 0.19383259911894274 0.11013215859030837
2 0.5352422907488987 0.7004405286343612 0.15859030837004406 0.06828193832599119
2 0.486784140969163 0.7951541850220264 0.11233480176211454 0.046255506607929514
2 0.3303964757709251 0.8678414096916299 0.07488986784140969 0.06387665198237885
2 0.7092511013215859 0.8700440528634361 0.1211453744493392 0.07268722466960352
2 0.8502202643171806 0.8237885462555066 0.11894273127753303 0.046255506607929514
2 0.9449339207048458 0.7907488986784141 0.08370044052863436 0.05947136563876652
2 0.947136563876652 0.6497797356828194 0.10572687224669604 0.07268722466960352
2 0.8237885462555066 0.5506607929515418 0.16519823788546256 0.08370044052863436
2 0.947136563876652 0.42731277533039647 0.10572687224669604 0.08370044052863436
2 0.05066079295154185 0.6651982378854625 0.1013215859030837 0.07929515418502203