2 0.4911894273127753 0.11013215859030837 0.18061674008810572 0.07048458149779736
2 0.7863436123348018 0.19823788546255505 0.1277533039647577 0.0881057268722467
2 0.8986784140969163 0.10352422907488987 0.14096916299559473 0.08590308370044053
2 0.751101321585903 0.0881057268722467 0.0881057268722467 0.05726872246696035
2 0.2511013215859031 0.07488986784140969 0.1299559471365639 0.07929515418502203
2 0.07268722466960352 0.08149779735682819 0.11013215859030837 0.05506607929515418
2 0.16740088105726872 0.19162995594713655 0.10792951541850221 0.05726872246696035
2 0.3986784140969163 0.17841409691629956 0.16079295154185022 0.07929515418502203
2 0.29515418502202645 0.1894273127753304 0.11013215859030837 0.06167400881057269
2 0.5 0.24008810572687225 0.10572687224669604 0.05947136563876652
2 0.6519823788546255 0.31938325991189426 0.08149779735682819 0.05506607929515418
2 0.4008810572687225 0.29295154185022027 0.08149779735682819 0.046255506607929514
2 0.31277533039647576 0.34801762114537443 0.0881057268722467 0.06167400881057269
2 0.23348017621145375 0.27973568281938327 0.09030837004405286 0.037444933920704845
2 0.1145374449339207 0.28193832599118945 0.10352422907488987 0.05726872246696035
2 0.028634361233480177 0.21365638766519823 0.05726872246696035 0.05506607929515418
2 0.6387665198237885 0.17180616740088106 0.09691629955947137 0.06828193832599119
2 0.7665198237885462 0.42290748898678415 0.06167400881057269 0.04405286343612335
2 0.7048458149779736 0.381057268722467 0.07709251101321586 0.039647577092511016
2 0.8325991189427313 0.33480176211453744 0.08590308370044053 0.06607929515418502
2 0.8546255506607929 0.2687224669603524 0.09911894273127753 0.03303964757709251
2 0.9295154185022027 0.21365638766519823 0.07048458149779736 0.05726872246696035
2 0.9559471365638766 0.3876651982378855 0.07268722466960352 0.048458149779735685
2 0.10352422907488987 0.40748898678414097 0.06387665198237885 0.039647577092511016
2 0.20704845814977973 0.3502202643171806 0.06167400881057269 0.039647577092511016
2 0.2356828193832599 0.40308370044052866 0.05066079295154185 0.039647577092511016
2 0.30176211453744495 0.42731277533039647 0.06167400881057269 0.03524229074889868
2 0.34801762114537443 0.42951541850220265 0.05286343612334802 0.03524229074889868
2 0.4118942731277533 0.36123348017621143 0.05286343612334802 0.039647577092511016
2 0.47577092511013214 0.3039647577092511 0.039647577092511016 0.028634361233480177
2 0.460352422907489 0.4052863436123348 0.10352422907488987 0.03303964757709251
2 0.552863436123348 0.3986784140969163 0.05506607929515418 0.04185022026431718
2 0.7070484581497798 0.5088105726872246 0.07268722466960352 0.03524229074889868
2 0.5770925110132159 0.43612334801762115 0.046255506607929514 0.028634361233480177
2 0.40308370044052866 0.4581497797356828 0.03524229074889868 0.028634361233480177
2 0.513215859030837 0.44713656387665196 0.05066079295154185 0.028634361233480177
2 0.5506607929515418 0.486784140969163 0.037444933920704845 0.024229074889867842
2 0.6101321585903083 0.4889867841409692 0.04405286343612335 0.024229074889867842
2 0.6145374449339207 0.45594713656387664 0.039647577092511016 0.024229074889867842
2 0.6541850220264317 0.5110132158590308 0.03303964757709251 0.024229074889867842
2 0.6651982378854625 0.5506607929515418 0.03524229074889868 0.028634361233480177
2 0.7180616740088106 0.579295154185022 0.03524229074889868 0.028634361233480177
2 0.7422907488986784 0.6211453744493393 0.046255506607929514 0.028634361233480177
2 0.775330396475771 0.6035242290748899 0.039647577092511016 0.028634361233480177
2 0.7577092511013216 0.5726872246696035 0.030837004405286344 0.024229074889867842
2 0.8325991189427313 0.4977973568281938 0.06828193832599119 0.02643171806167401
2 0.8171806167400881 0.4581497797356828 0.048458149779735685 0.024229074889867842
2 0.8810572687224669 0.4052863436123348 0.05947136563876652 0.024229074889867842
2 0.8964757709251101 0.31938325991189426 0.06607929515418502 0.046255506607929514
2 0.9779735682819384 0.2841409691629956 0.04405286343612335 0.04185022026431718
2 0.9691629955947136 0.32599118942731276 0.06167400881057269 0.03524229074889868
2 0.8942731277533039 0.4713656387665198 0.07709251101321586 0.03303964757709251
2 0.9140969162995595 0.5198237885462555 0.05066079295154185 0.039647577092511016
2 0.8590308370044053 0.5770925110132159 0.07268722466960352 0.030837004405286344
2 0.9052863436123348 0.5947136563876652 0.039647577092511016 0.024229074889867842
2 0.9449339207048458 0.5726872246696035 0.046255506607929514 0.024229074889867842
2 0.9889867841409692 0.4977973568281938 0.022026431718061675 0.02643171806167401
2 0.5638766519823789 0.5352422907488987 0.03303964757709251 0.024229074889867842
2 0.5198237885462555 0.513215859030837 0.028634361233480177 0.024229074889867842
2 0.4779735682819383 0.4801762114537445 0.03524229074889868 0.013215859030837005
2 0.4008810572687225 0.5088105726872246 0.05066079295154185 0.030837004405286344
2 0.2841409691629956 0.5814977973568282 0.037444933920704845 0.02643171806167401
2 0.33480176211453744 0.5550660792951542 0.05286343612334802 0.019823788546255508
2 0.44273127753303965 0.5550660792951542 0.046255506607929514 0.028634361233480177
2 0.4955947136563877 0.5682819383259912 0.03303964757709251 0.028634361233480177
2 0.6123348017621145 0.5638766519823789 0.024229074889867842 0.01762114537444934
2 0.5154185022026432 0.6299559471365639 0.03524229074889868 0.019823788546255508
2 0.4185022026431718 0.6255506607929515 0.03524229074889868 0.022026431718061675
2 0.3722466960352423 0.6189427312775331 0.030837004405286344 0.024229074889867842
2 0.7687224669603524 0.5 0.02643171806167401 0.02643171806167401
2 0.6696035242290749 0.4251101321585903 0.05506607929515418 0.03524229074889868
2 0.5859030837004405 0.3370044052863436 0.1013215859030837 0.05726872246696035
2 0.5088105726872246 0.35462555066079293 0.05066079295154185 0.019823788546255508
2 0.039647577092511016 0.4669603524229075 0.06167400881057269 0.04185022026431718
2 0.1960352422907489 0.4779735682819383 0.07268722466960352 0.037444933920704845
2 0.05947136563876652 0.3436123348017621 0.1145374449339207 0.05066079295154185
2 0.2841409691629956 0.486784140969163 0.046255506607929514 0.030837004405286344
2 0.23348017621145375 0.5088105726872246 0.05066079295154185 0.024229074889867842
2 0.1894273127753304 0.5594713656387665 0.037444933920704845 0.015418502202643172
2 0.1762114537444934 0.5947136563876652 0.037444933920704845 0.024229074889867842
2 0.2092511013215859 0.6189427312775331 0.03303964757709251 0.028634361233480177
2 0.23348017621145375 0.5770925110132159 0.037444933920704845 0.019823788546255508
2 0.31718061674008813 0.513215859030837 0.04185022026431718 0.019823788546255508
2 0.3458149779735683 0.5969162995594713 0.037444933920704845 0.028634361233480177
2 0.5594713656387665 0.5925110132158591 0.030837004405286344 0.024229074889867842
2 0.02643171806167401 0.566079295154185 0.05286343612334802 0.048458149779735685
2 0.07709251101321586 0.5682819383259912 0.04405286343612335 0.030837004405286344
2 0.10792951541850221 0.5947136563876652 0.039647577092511016 0.024229074889867842
2 0.11013215859030837 0.5352422907488987 0.03303964757709251 0.019823788546255508
2 0.08149779735682819 0.5 0.05066079295154185 0.037444933920704845
2 0.024229074889867842 0.3986784140969163 0.048458149779735685 0.028634361233480177
2 0.8061674008810573 0.552863436123348 0.03524229074889868 0.022026431718061675
2 0.6740088105726872 0.6167400881057269 0.024229074889867842 0.01762114537444934
2 0.8656387665198237 0.5991189427312775 0.024229074889867842 0.015418502202643172