2 0.9361233480176211 0.21585903083700442 0.11894273127753303 0.15859030837004406
2 0.2621145374449339 0.27973568281938327 0.19823788546255505 0.30837004405286345
2 0.5176211453744494 0.7268722466960352 0.31718061674008813 0.5242290748898678
2 0.31718061674008813 0.8370044052863436 0.11674008810572688 0.15859030837004406
2 0.07268722466960352 0.9669603524229075 0.1299559471365639 0.06387665198237885
2 0.4955947136563877 0.11894273127753303 0.08370044052863436 0.13656387665198239
2 0.6189427312775331 0.15859030837004406 0.05506607929515418 0.08149779735682819
2 0.7092511013215859 0.03524229074889868 0.05506607929515418 0.07048458149779736
2 0.03303964757709251 0.2973568281938326 0.05726872246696035 0.07709251101321586
2 0.1013215859030837 0.23788546255506607 0.05726872246696035 0.06828193832599119
2 0.2356828193832599 0.03524229074889868 0.05506607929515418 0.07048458149779736
2 0.12334801762114538 0.5814977973568282 0.046255506607929514 0.048458149779735685
2 0.9427312775330396 0.6872246696035242 0.1145374449339207 0.5682819383259912
2 0.12334801762114538 0.04405286343612335 0.07709251101321586 0.0881057268722467
2 0.7797356828193832 0.8281938325991189 0.06387665198237885 0.07929515418502203
2 0.7268722466960352 0.6013215859030837 0.08149779735682819 0.16299559471365638
2 0.7995594713656388 0.6696035242290749 0.048458149779735685 0.06607929515418502
2 0.3788546255506608 0.32819383259911894 0.05947136563876652 0.0947136563876652