2 0.45594713656387664 0.1762114537444934 0.14317180616740088 0.10572687224669604
2 0.5506607929515418 0.07268722466960352 0.10572687224669604 0.08370044052863436
2 0.6850220264317181 0.11233480176211454 0.0881057268722467 0.06828193832599119
2 0.788546255506608 0.2422907488986784 0.13215859030837004 0.09251101321585903
2 0.8920704845814978 0.1828193832599119 0.11013215859030837 0.06828193832599119
2 0.5969162995594713 0.29515418502202645 0.15418502202643172 0.09911894273127753
2 0.45594713656387664 0.43171806167400884 0.10572687224669604 0.08149779735682819
2 0.4118942731277533 0.3458149779735683 0.06167400881057269 0.046255506607929514
2 0.30176211453744495 0.2422907488986784 0.10792951541850221 0.09911894273127753
2 0.16519823788546256 0.27973568281938327 0.15198237885462554 0.1145374449339207
2 0.18502202643171806 0.10352422907488987 0.09911894273127753 0.09911894273127753
2 0.07929515418502203 0.4118942731277533 0.14977973568281938 0.1343612334801762
2 0.2665198237885463 0.44273127753303965 0.09030837004405286 0.05286343612334802
2 0.35462555066079293 0.4911894273127753 0.10352422907488987 0.06607929515418502
2 0.5881057268722467 0.48237885462555063 0.17400881057268722 0.07929515418502203
2 0.7334801762114538 0.3986784140969163 0.09911894273127753 0.05726872246696035
2 0.8259911894273128 0.4713656387665198 0.06828193832599119 0.05286343612334802
2 0.9074889867841409 0.34140969162995594 0.1277533039647577 0.0881057268722467
2 0.23788546255506607 0.552863436123348 0.12334801762114538 0.05066079295154185
2 0.3303964757709251 0.6079295154185022 0.09030837004405286 0.046255506607929514
2 0.513215859030837 0.6674008810572687 0.07268722466960352 0.046255506607929514
2 0.6189427312775331 0.6233480176211453 0.05947136563876652 0.04185022026431718
2 0.7400881057268722 0.5594713656387665 0.07488986784140969 0.05286343612334802
2 0.07048458149779736 0.6651982378854625 0.1277533039647577 0.07709251101321586
2 0.17400881057268722 0.7555066079295154 0.09691629955947137 0.048458149779735685
2 0.2533039647577093 0.724669603524229 0.07488986784140969 0.05066079295154185
2 0.4779735682819383 0.8568281938325991 0.06828193832599119 0.05066079295154185
2 0.5220264317180616 0.9559471365638766 0.0947136563876652 0.06167400881057269
2 0.7819383259911894 0.9559471365638766 0.15418502202643172 0.07268722466960352
2 0.737885462555066 0.8502202643171806 0.1013215859030837 0.05506607929515418
2 0.6784140969162996 0.7819383259911894 0.07268722466960352 0.06828193832599119
2 0.6916299559471366 0.6938325991189427 0.10352422907488987 0.039647577092511016
2 0.7731277533039648 0.6343612334801763 0.0947136563876652 0.05947136563876652
2 0.8942731277533039 0.6255506607929515 0.09691629955947137 0.05726872246696035
2 0.960352422907489 0.5308370044052864 0.06828193832599119 0.06387665198237885
2 0.9559471365638766 0.724669603524229 0.08370044052863436 0.05726872246696035
2 0.8171806167400881 0.762114537444934 0.13215859030837004 0.06828193832599119
2 0.9493392070484582 0.8788546255506607 0.1013215859030837 0.11013215859030837
2 0.6343612334801763 0.9537444933920705 0.10572687224669604 0.07488986784140969
2 0.3700440528634361 0.9581497797356828 0.07709251101321586 0.05286343612334802
2 0.2665198237885463 0.8568281938325991 0.13215859030837004 0.06607929515418502
2 0.10352422907488987 0.8458149779735683 0.14977973568281938 0.06387665198237885
2 0.3700440528634361 0.8237885462555066 0.06387665198237885 0.05066079295154185
2 0.5462555066079295 0.7466960352422908 0.05947136563876652 0.04405286343612335
2 0.6145374449339207 0.737885462555066 0.03524229074889868 0.03524229074889868
2 0.44493392070484583 0.579295154185022 0.046255506607929514 0.03524229074889868
2 0.3502202643171806 0.6696035242290749 0.05066079295154185 0.04405286343612335