2 0.7422907488986784 0.8898678414096917 0.07488986784140969 0.05726872246696035
2 0.8414096916299559 0.8766519823788547 0.08149779735682819 0.06828193832599119
2 0.5682819383259912 0.9096916299559471 0.04405286343612335 0.048458149779735685
2 0.9405286343612335 0.8920704845814978 0.08590308370044053 0.06607929515418502
2 0.9317180616740088 0.8237885462555066 0.03524229074889868 0.037444933920704845
2 0.8524229074889867 0.947136563876652 0.02643171806167401 0.046255506607929514
2 0.711453744493392 0.9801762114537445 0.06167400881057269 0.039647577092511016
2 0.7731277533039648 0.8281938325991189 0.06828193832599119 0.05947136563876652
2 0.6607929515418502 0.9251101321585903 0.03303964757709251 0.046255506607929514
2 0.6651982378854625 0.8612334801762115 0.03303964757709251 0.048458149779735685
2 0.9537444933920705 0.986784140969163 0.030837004405286344 0.024229074889867842
2 0.9889867841409692 0.9669603524229075 0.022026431718061675 0.048458149779735685
2 0.6211453744493393 0.8281938325991189 0.04185022026431718 0.037444933920704845
2 0.3920704845814978 0.10572687224669604 0.09911894273127753 0.07268722466960352
2 0.5837004405286343 0.22466960352422907 0.09911894273127753 0.07488986784140969
2 0.5616740088105727 0.1299559471365639 0.046255506607929514 0.04185022026431718
2 0.6233480176211453 0.1343612334801762 0.05947136563876652 0.039647577092511016
2 0.6806167400881057 0.1696035242290749 0.05066079295154185 0.039647577092511016
2 0.7290748898678414 0.2444933920704846 0.06167400881057269 0.046255506607929514
2 0.5440528634361234 0.3744493392070485 0.07048458149779736 0.048458149779735685
2 0.40308370044052866 0.2841409691629956 0.07048458149779736 0.039647577092511016
2 0.4713656387665198 0.19823788546255505 0.07488986784140969 0.05506607929515418
2 0.3876651982378855 0.17180616740088106 0.05726872246696035 0.03524229074889868
2 0.3039647577092511 0.20484581497797358 0.06828193832599119 0.048458149779735685
2 0.2907488986784141 0.12334801762114538 0.05506607929515418 0.039647577092511016
2 0.45374449339207046 0.07048458149779736 0.046255506607929514 0.03524229074889868
2 0.3392070484581498 0.019823788546255508 0.07929515418502203 0.039647577092511016
2 0.5947136563876652 0.028634361233480177 0.10352422907488987 0.05286343612334802
2 0.6960352422907489 0.039647577092511016 0.05066079295154185 0.04405286343612335
2 0.76431718061674 0.048458149779735685 0.06167400881057269 0.05726872246696035
2 0.788546255506608 0.11233480176211454 0.04185022026431718 0.03303964757709251
2 0.8414096916299559 0.16519823788546256 0.039647577092511016 0.037444933920704845
2 0.7577092511013216 0.29295154185022027 0.06607929515418502 0.030837004405286344
2 0.2488986784140969 0.3392070484581498 0.04405286343612335 0.03303964757709251
2 0.3524229074889868 0.32158590308370044 0.05286343612334802 0.028634361233480177
2 0.44493392070484583 0.31497797356828194 0.03524229074889868 0.028634361233480177
2 0.13215859030837004 0.30837004405286345 0.046255506607929514 0.037444933920704845
2 0.3568281938325991 0.3854625550660793 0.05286343612334802 0.019823788546255508
2 0.43612334801762115 0.40748898678414097 0.03524229074889868 0.028634361233480177
2 0.4713656387665198 0.3722466960352423 0.046255506607929514 0.02643171806167401
2 0.5088105726872246 0.3237885462555066 0.03524229074889868 0.030837004405286344
2 0.21585903083700442 0.3656387665198238 0.05506607929515418 0.030837004405286344
2 0.11233480176211454 0.3656387665198238 0.05947136563876652 0.030837004405286344
2 0.11233480176211454 0.21145374449339208 0.0947136563876652 0.05726872246696035
2 0.21365638766519823 0.2555066079295154 0.06828193832599119 0.07268722466960352
2 0.23788546255506607 0.17400881057268722 0.05286343612334802 0.06167400881057269
2 0.09691629955947137 0.06387665198237885 0.1013215859030837 0.07929515418502203
2 0.17400881057268722 0.14317180616740088 0.05726872246696035 0.03524229074889868
2 0.6850220264317181 0.3590308370044053 0.05726872246696035 0.04405286343612335
2 0.8920704845814978 0.2907488986784141 0.05726872246696035 0.048458149779735685
2 0.8414096916299559 0.2444933920704846 0.07268722466960352 0.046255506607929514
2 0.9030837004405287 0.1145374449339207 0.10792951541850221 0.08590308370044053
2 0.9295154185022027 0.1960352422907489 0.05726872246696035 0.04405286343612335
2 0.9669603524229075 0.3237885462555066 0.05726872246696035 0.037444933920704845
2 0.9140969162995595 0.42290748898678415 0.048458149779735685 0.03524229074889868
2 0.7599118942731278 0.3788546255506608 0.04185022026431718 0.028634361233480177
2 0.8171806167400881 0.3458149779735683 0.04185022026431718 0.03524229074889868
2 0.22466960352422907 0.10572687224669604 0.046255506607929514 0.028634361233480177
2 0.5330396475770925 0.8436123348017621 0.08370044052863436 0.10792951541850221
2 0.22246696035242292 0.801762114537445 0.07268722466960352 0.048458149779735685