2 0.6189427312775331 0.7929515418502202 0.16519823788546256 0.14096916299559473
2 0.7907488986784141 0.7334801762114538 0.11894273127753303 0.11674008810572688
2 0.8942731277533039 0.6850220264317181 0.08149779735682819 0.10572687224669604
2 0.4008810572687225 0.7202643171806168 0.11233480176211454 0.09911894273127753
2 0.15859030837004406 0.7775330396475771 0.11233480176211454 0.13656387665198239
2 0.06828193832599119 0.711453744493392 0.07488986784140969 0.09691629955947137
2 0.27312775330396477 0.6872246696035242 0.08590308370044053 0.09691629955947137
2 0.5594713656387665 0.6806167400881057 0.09251101321585903 0.07709251101321586
2 0.6784140969162996 0.6607929515418502 0.07048458149779736 0.07048458149779736
2 0.7577092511013216 0.6387665198237885 0.06828193832599119 0.06607929515418502
2 0.9691629955947136 0.6696035242290749 0.06167400881057269 0.0881057268722467