2 0.6629955947136564 0.6035242290748899 0.15418502202643172 0.15859030837004406
2 0.3524229074889868 0.31718061674008813 0.13876651982378854 0.15418502202643172
2 0.4185022026431718 0.6453744493392071 0.09911894273127753 0.10352422907488987
2 0.8590308370044053 0.5198237885462555 0.16299559471365638 0.17180616740088106
2 0.2092511013215859 0.15638766519823788 0.11674008810572688 0.1299559471365639
2 0.13215859030837004 0.31718061674008813 0.10572687224669604 0.11894273127753303
2 0.2356828193832599 0.5638766519823789 0.10352422907488987 0.1211453744493392
2 0.5242290748898678 0.43392070484581496 0.19162995594713655 0.2092511013215859
2 0.43612334801762115 0.12555066079295155 0.1211453744493392 0.13215859030837004
2 0.6101321585903083 0.2092511013215859 0.13656387665198239 0.14317180616740088
2 0.7819383259911894 0.35462555066079293 0.13656387665198239 0.13656387665198239
2 0.7709251101321586 0.14977973568281938 0.09251101321585903 0.0947136563876652
2 0.3502202643171806 0.4845814977973568 0.048458149779735685 0.046255506607929514
2 0.21585903083700442 0.42951541850220265 0.046255506607929514 0.05066079295154185
2 0.6585903083700441 0.45374449339207046 0.039647577092511016 0.05286343612334802
2 0.8392070484581498 0.2511013215859031 0.05066079295154185 0.05726872246696035
2 0.4933920704845815 0.2599118942731278 0.046255506607929514 0.039647577092511016
2 0.28634361233480177 0.18061674008810572 0.030837004405286344 0.04185022026431718