2 0.2599118942731278 0.32819383259911894 0.4713656387665198 0.5969162995594713
2 0.7092511013215859 0.23348017621145375 0.17841409691629956 0.17400881057268722
2 0.8215859030837004 0.5638766519823789 0.2511013215859031 0.1894273127753304
2 0.7797356828193832 0.3876651982378855 0.05726872246696035 0.07709251101321586
2 0.32599118942731276 0.9317180616740088 0.1211453744493392 0.09030837004405286
2 0.039647577092511016 0.7202643171806168 0.07709251101321586 0.1894273127753304
2 0.6145374449339207 0.8171806167400881 0.04185022026431718 0.06828193832599119
2 0.8524229074889867 0.7334801762114538 0.07268722466960352 0.05726872246696035
2 0.7907488986784141 0.8392070484581498 0.06167400881057269 0.048458149779735685
2 0.9096916299559471 0.30176211453744495 0.07268722466960352 0.08370044052863436
2 0.08370044052863436 0.19383259911894274 0.05286343612334802 0.1145374449339207