2 0.539647577092511 0.29515418502202645 0.0881057268722467 0.1299559471365639
2 0.6101321585903083 0.09251101321585903 0.09030837004405286 0.1211453744493392
2 0.7951541850220264 0.32158590308370044 0.08590308370044053 0.1211453744493392
2 0.6806167400881057 0.6607929515418502 0.16740088105726872 0.20044052863436124
2 0.8722466960352423 0.6563876651982379 0.07268722466960352 0.09911894273127753
2 0.5638766519823789 0.7863436123348018 0.06607929515418502 0.09911894273127753
2 0.34140969162995594 0.6431718061674009 0.16519823788546256 0.20704845814977973
2 0.1960352422907489 0.8788546255506607 0.14317180616740088 0.16519823788546256
2 0.12555066079295155 0.4889867841409692 0.1145374449339207 0.1696035242290749
2 0.2841409691629956 0.09911894273127753 0.1211453744493392 0.15418502202643172
2 0.1145374449339207 0.09251101321585903 0.11013215859030837 0.14757709251101322
2 0.7158590308370044 0.9559471365638766 0.08590308370044053 0.0881057268722467
2 0.8810572687224669 0.039647577092511016 0.11233480176211454 0.07709251101321586