2 0.22026431718061673 0.28854625550660795 0.29515418502202645 0.19383259911894274
2 0.6497797356828194 0.4052863436123348 0.2356828193832599 0.1211453744493392
2 0.8348017621145375 0.05947136563876652 0.3303964757709251 0.11894273127753303
2 0.8193832599118943 0.5462555066079295 0.20044052863436124 0.08590308370044053
2 0.7026431718061674 0.698237885462555 0.15859030837004406 0.11013215859030837
2 0.5352422907488987 0.6960352422907489 0.12555066079295155 0.05947136563876652
2 0.473568281938326 0.7907488986784141 0.09251101321585903 0.05726872246696035
2 0.3370044052863436 0.8788546255506607 0.0947136563876652 0.06607929515418502
2 0.2841409691629956 0.5044052863436124 0.28193832599118945 0.11674008810572688
2 0.8524229074889867 0.8281938325991189 0.10572687224669604 0.05066079295154185
2 0.7092511013215859 0.8700440528634361 0.13656387665198239 0.05726872246696035
2 0.9691629955947136 0.6607929515418502 0.06167400881057269 0.07268722466960352
2 0.9449339207048458 0.7907488986784141 0.0881057268722467 0.048458149779735685