2 0.486784140969163 0.3744493392070485 0.17180616740088106 0.09691629955947137
2 0.42070484581497797 0.23127753303964757 0.2511013215859031 0.1013215859030837
2 0.6519823788546255 0.14317180616740088 0.2026431718061674 0.1145374449339207
2 0.5881057268722467 0.4955947136563877 0.18061674008810572 0.1013215859030837
2 0.33480176211453744 0.08590308370044053 0.20704845814977973 0.1145374449339207
2 0.33480176211453744 0.7533039647577092 0.16519823788546256 0.0947136563876652
2 0.05066079295154185 0.4251101321585903 0.09911894273127753 0.06387665198237885
2 0.09691629955947137 0.5286343612334802 0.19383259911894274 0.08149779735682819
2 0.2775330396475771 0.44052863436123346 0.15638766519823788 0.07048458149779736
2 0.6497797356828194 0.29955947136563876 0.14537444933920704 0.0947136563876652
2 0.8546255506607929 0.22026431718061673 0.09911894273127753 0.07048458149779736
2 0.8964757709251101 0.07709251101321586 0.12555066079295155 0.07929515418502203
2 0.8634361233480177 0.3568281938325991 0.17400881057268722 0.10572687224669604
2 0.8744493392070485 0.5154185022026432 0.17180616740088106 0.09251101321585903
2 0.7533039647577092 0.5903083700440529 0.13656387665198239 0.07048458149779736
2 0.6277533039647577 0.6255506607929515 0.12555066079295155 0.06607929515418502
2 0.4955947136563877 0.6013215859030837 0.13215859030837004 0.08370044052863436
2 0.3964757709251101 0.4889867841409692 0.15418502202643172 0.0947136563876652
2 0.0881057268722467 0.6101321585903083 0.1211453744493392 0.05726872246696035
2 0.19383259911894274 0.6519823788546255 0.1343612334801762 0.06167400881057269
2 0.23127753303964757 0.5837004405286343 0.08590308370044053 0.05286343612334802
2 0.3392070484581498 0.6013215859030837 0.11013215859030837 0.05947136563876652
2 0.4052863436123348 0.6784140969162996 0.1145374449339207 0.04185022026431718
2 0.5374449339207048 0.6938325991189427 0.13656387665198239 0.06387665198237885
2 0.6585903083700441 0.7577092511013216 0.13656387665198239 0.07709251101321586
2 0.7555066079295154 0.6740088105726872 0.11013215859030837 0.06167400881057269
2 0.8656387665198237 0.6475770925110133 0.11894273127753303 0.046255506607929514
2 0.9515418502202643 0.6013215859030837 0.0947136563876652 0.07709251101321586
2 0.7841409691629956 0.7929515418502202 0.09911894273127753 0.05947136563876652
2 0.7004405286343612 0.8766519823788547 0.14977973568281938 0.0881057268722467
2 0.1696035242290749 0.7819383259911894 0.14757709251101322 0.06828193832599119
2 0.45594713656387664 0.9162995594713657 0.13215859030837004 0.07709251101321586
2 0.4955947136563877 0.775330396475771 0.13656387665198239 0.08149779735682819
2 0.8876651982378855 0.9295154185022027 0.14757709251101322 0.09911894273127753
2 0.5462555066079295 0.8436123348017621 0.06828193832599119 0.03524229074889868
2 0.2709251101321586 0.947136563876652 0.07268722466960352 0.05066079295154185
2 0.039647577092511016 0.8524229074889867 0.07929515418502203 0.07488986784140969
2 0.2422907488986784 0.15859030837004406 0.07709251101321586 0.06828193832599119
2 0.07709251101321586 0.13215859030837004 0.15418502202643172 0.09911894273127753
2 0.8964757709251101 0.7158590308370044 0.09691629955947137 0.07268722466960352
2 0.9317180616740088 0.7709251101321586 0.11013215859030837 0.06828193832599119
2 0.8480176211453745 0.8303964757709251 0.10572687224669604 0.06828193832599119
2 0.9691629955947136 0.8920704845814978 0.06167400881057269 0.0881057268722467
2 0.7290748898678414 0.9515418502202643 0.08149779735682819 0.05726872246696035
2 0.5969162995594713 0.9537444933920705 0.13876651982378854 0.06607929515418502