2 0.2555066079295154 0.20704845814977973 0.32158590308370044 0.16299559471365638
2 0.73568281938326 0.20704845814977973 0.31497797356828194 0.14977973568281938
2 0.8105726872246696 0.2775330396475771 0.046255506607929514 0.046255506607929514
2 0.6696035242290749 0.44052863436123346 0.06167400881057269 0.046255506607929514
2 0.11013215859030837 0.3392070484581498 0.22026431718061673 0.12334801762114538
2 0.31718061674008813 0.43612334801762115 0.06167400881057269 0.046255506607929514
2 0.6453744493392071 0.32599118942731276 0.11674008810572688 0.07709251101321586
2 0.24008810572687225 0.4889867841409692 0.21806167400881057 0.12555066079295155
2 0.3832599118942731 0.32158590308370044 0.14537444933920704 0.08370044052863436
2 0.76431718061674 0.4801762114537445 0.2488986784140969 0.11894273127753303
2 0.8876651982378855 0.34140969162995594 0.22466960352422907 0.12555066079295155
2 0.5022026431718062 0.3986784140969163 0.3898678414096916 0.2290748898678414
2 0.6057268722466961 0.6872246696035242 0.14757709251101322 0.10572687224669604
2 0.7709251101321586 0.6431718061674009 0.1762114537444934 0.12555066079295155
2 0.5682819383259912 0.5903083700440529 0.10572687224669604 0.07929515418502203
2 0.42731277533039647 0.5859030837004405 0.12555066079295155 0.05726872246696035
2 0.40748898678414097 0.6872246696035242 0.11013215859030837 0.09911894273127753
2 0.24008810572687225 0.6409691629955947 0.2444933920704846 0.14317180616740088