2 0.19162995594713655 0.6365638766519823 0.21145374449339208 0.12334801762114538
2 0.18502202643171806 0.3986784140969163 0.3590308370044053 0.1696035242290749
2 0.8259911894273128 0.3898678414096916 0.30616740088105726 0.14537444933920704
2 0.07488986784140969 0.5176211453744494 0.14757709251101322 0.06828193832599119
2 0.8458149779735683 0.6299559471365639 0.24008810572687225 0.1211453744493392
2 0.801762114537445 0.1696035242290749 0.3964757709251101 0.18061674008810572
2 0.19383259911894274 0.15859030837004406 0.3766519823788546 0.21806167400881057
2 0.4977973568281938 0.5440528634361234 0.36123348017621143 0.18061674008810572
2 0.6960352422907489 0.7092511013215859 0.15859030837004406 0.08590308370044053
2 0.3039647577092511 0.7180616740088106 0.15418502202643172 0.09691629955947137
2 0.5044052863436124 0.7158590308370044 0.1145374449339207 0.06387665198237885