2 0.5066079295154186 0.526431718061674 0.3744493392070485 0.2092511013215859
2 0.711453744493392 0.9185022026431718 0.11013215859030837 0.06828193832599119
2 0.1145374449339207 0.724669603524229 0.05726872246696035 0.04405286343612335
2 0.30616740088105726 0.3656387665198238 0.28854625550660795 0.13656387665198239
2 0.381057268722467 0.21365638766519823 0.13656387665198239 0.07488986784140969
2 0.5066079295154186 0.08590308370044053 0.07929515418502203 0.05506607929515418
2 0.6806167400881057 0.15418502202643172 0.07488986784140969 0.05726872246696035
2 0.8986784140969163 0.18502202643171806 0.13656387665198239 0.05726872246696035
2 0.801762114537445 0.2422907488986784 0.09251101321585903 0.039647577092511016
2 0.8502202643171806 0.5550660792951542 0.2577092511013216 0.0947136563876652
2 0.7577092511013216 0.7092511013215859 0.1960352422907489 0.07268722466960352
2 0.2643171806167401 0.7004405286343612 0.2555066079295154 0.0947136563876652
2 0.15638766519823788 0.5506607929515418 0.2643171806167401 0.11233480176211454
2 0.5088105726872246 0.2907488986784141 0.07709251101321586 0.06387665198237885
2 0.6079295154185022 0.21806167400881057 0.09251101321585903 0.05286343612334802
2 0.6277533039647577 0.2709251101321586 0.06167400881057269 0.05947136563876652
2 0.8502202643171806 0.28634361233480177 0.039647577092511016 0.039647577092511016
2 0.7026431718061674 0.3766519823788546 0.28193832599118945 0.1013215859030837