2 0.07268722466960352 0.2533039647577093 0.14537444933920704 0.20704845814977973
2 0.30837004405286345 0.12555066079295155 0.1343612334801762 0.1828193832599119
2 0.4008810572687225 0.32819383259911894 0.046255506607929514 0.08370044052863436
2 0.4713656387665198 0.2422907488986784 0.05286343612334802 0.0947136563876652
2 0.6057268722466961 0.2555066079295154 0.0947136563876652 0.08370044052863436
2 0.6167400881057269 0.11674008810572688 0.05947136563876652 0.06167400881057269
2 0.8942731277533039 0.3524229074889868 0.1145374449339207 0.12555066079295155
2 0.8656387665198237 0.16519823788546256 0.10572687224669604 0.1211453744493392
2 0.9361233480176211 0.08149779735682819 0.11013215859030837 0.1343612334801762
2 0.762114537444934 0.42731277533039647 0.05726872246696035 0.05726872246696035
2 0.6916299559471366 0.5066079295154186 0.05066079295154185 0.05947136563876652
2 0.6167400881057269 0.5704845814977973 0.07488986784140969 0.11013215859030837
2 0.6850220264317181 0.5726872246696035 0.046255506607929514 0.07709251101321586
2 0.9030837004405287 0.5837004405286343 0.05506607929515418 0.08370044052863436
2 0.9713656387665198 0.5 0.05726872246696035 0.1145374449339207
2 0.30176211453744495 0.7158590308370044 0.11674008810572688 0.11233480176211454
2 0.30616740088105726 0.552863436123348 0.1211453744493392 0.13656387665198239
2 0.46916299559471364 0.4845814977973568 0.06167400881057269 0.08370044052863436
2 0.552863436123348 0.5088105726872246 0.046255506607929514 0.06607929515418502
2 0.5638766519823789 0.5770925110132159 0.05066079295154185 0.07268722466960352
2 0.4647577092511013 0.41409691629955947 0.04185022026431718 0.06387665198237885
2 0.5484581497797357 0.039647577092511016 0.06167400881057269 0.06828193832599119