1 0.4933920704845815 0.30176211453744495 0.028634361233480177 0.00881057268722467
1 0.44933920704845814 0.3039647577092511 0.028634361233480177 0.00881057268722467
1 0.5286343612334802 0.31718061674008813 0.030837004405286344 0.00881057268722467
1 0.43612334801762115 0.3303964757709251 0.030837004405286344 0.00881057268722467
1 0.5638766519823789 0.33480176211453744 0.02643171806167401 0.00881057268722467
1 0.5903083700440529 0.3392070484581498 0.02643171806167401 0.00881057268722467
1 0.6167400881057269 0.3458149779735683 0.02643171806167401 0.00881057268722467
1 0.42070484581497797 0.3458149779735683 0.030837004405286344 0.00881057268722467
1 0.40748898678414097 0.3634361233480176 0.02643171806167401 0.00881057268722467
1 0.6541850220264317 0.36784140969163 0.024229074889867842 0.00881057268722467
1 0.3920704845814978 0.381057268722467 0.02643171806167401 0.00881057268722467
1 0.3744493392070485 0.3986784140969163 0.024229074889867842 0.00881057268722467
1 0.22687224669603523 0.6784140969162996 0.01762114537444934 0.00881057268722467
1 0.460352422907489 0.28854625550660795 0.028634361233480177 0.00881057268722467