1 0.31277533039647576 0.19383259911894274 0.08149779735682819 0.05066079295154185
1 0.394273127753304 0.17180616740088106 0.07709251101321586 0.039647577092511016
1 0.45374449339207046 0.16079295154185022 0.05947136563876652 0.046255506607929514
1 0.5088105726872246 0.14757709251101322 0.05286343612334802 0.046255506607929514
1 0.5638766519823789 0.13876651982378854 0.05726872246696035 0.046255506607929514
1 0.42070484581497797 0.20704845814977973 0.06167400881057269 0.04405286343612335
1 0.4911894273127753 0.22246696035242292 0.07268722466960352 0.05066079295154185
1 0.5550660792951542 0.23127753303964757 0.05726872246696035 0.05066079295154185
1 0.6299559471365639 0.1299559471365639 0.06828193832599119 0.039647577092511016
1 0.6938325991189427 0.11674008810572688 0.05506607929515418 0.03524229074889868
1 0.6145374449339207 0.24669603524229075 0.05286343612334802 0.048458149779735685
1 0.6718061674008811 0.2643171806167401 0.05947136563876652 0.048458149779735685
1 0.748898678414097 0.28193832599118945 0.07709251101321586 0.039647577092511016
1 0.8281938325991189 0.2973568281938326 0.07268722466960352 0.039647577092511016