2 0.21585903083700442 0.15638766519823788 0.07929515418502203 0.05066079295154185
2 0.07268722466960352 0.1145374449339207 0.14537444933920704 0.18502202643171806
2 0.40969162995594716 0.09030837004405286 0.18502202643171806 0.08149779735682819
2 0.5903083700440529 0.14757709251101322 0.08590308370044053 0.06828193832599119
2 0.737885462555066 0.1145374449339207 0.0947136563876652 0.06167400881057269
2 0.9229074889867841 0.09911894273127753 0.07268722466960352 0.039647577092511016
2 0.3744493392070485 0.42951541850220265 0.42290748898678415 0.31057268722466963
2 0.6784140969162996 0.44273127753303965 0.14537444933920704 0.0947136563876652
2 0.7180616740088106 0.5903083700440529 0.11013215859030837 0.06167400881057269
2 0.7731277533039648 0.5110132158590308 0.06167400881057269 0.03524229074889868
2 0.973568281938326 0.19383259911894274 0.05286343612334802 0.04185022026431718
2 0.9493392070484582 0.5704845814977973 0.09911894273127753 0.08590308370044053
2 0.8876651982378855 0.6409691629955947 0.06387665198237885 0.03524229074889868
2 0.8083700440528634 0.7048458149779736 0.14537444933920704 0.07929515418502203
2 0.6585903083700441 0.7555066079295154 0.05726872246696035 0.039647577092511016
2 0.7158590308370044 0.8127753303964758 0.048458149779735685 0.03524229074889868
2 0.566079295154185 0.9559471365638766 0.11894273127753303 0.07929515418502203
2 0.48237885462555063 0.8656387665198237 0.06387665198237885 0.046255506607929514
2 0.3502202643171806 0.801762114537445 0.04405286343612335 0.03524229074889868
2 0.4008810572687225 0.7577092511013216 0.039647577092511016 0.024229074889867842
2 0.4008810572687225 0.6585903083700441 0.08590308370044053 0.06387665198237885
2 0.3237885462555066 0.6850220264317181 0.08370044052863436 0.06167400881057269
2 0.22687224669603523 0.6299559471365639 0.039647577092511016 0.028634361233480177
2 0.07048458149779736 0.6343612334801763 0.039647577092511016 0.048458149779735685
2 0.015418502202643172 0.6541850220264317 0.030837004405286344 0.039647577092511016
2 0.05726872246696035 0.44493392070484583 0.1145374449339207 0.1145374449339207
2 0.13215859030837004 0.7268722466960352 0.039647577092511016 0.024229074889867842
2 0.3766519823788546 0.8612334801762115 0.04185022026431718 0.024229074889867842
2 0.40748898678414097 0.933920704845815 0.046255506607929514 0.03524229074889868
2 0.4801762114537445 0.9140969162995595 0.024229074889867842 0.02643171806167401
2 0.9691629955947136 0.7158590308370044 0.06167400881057269 0.048458149779735685