1 0.8348017621145375 0.31057268722466963 0.10572687224669604 0.08370044052863436
1 0.34140969162995594 0.31497797356828194 0.10352422907488987 0.08370044052863436
1 0.7092511013215859 0.3700440528634361 0.10352422907488987 0.0881057268722467
1 0.9691629955947136 0.381057268722467 0.06167400881057269 0.06828193832599119
1 0.40969162995594716 0.5044052863436124 0.06828193832599119 0.0881057268722467
1 0.7929515418502202 0.6013215859030837 0.07488986784140969 0.07048458149779736
1 0.34140969162995594 0.7422907488986784 0.07488986784140969 0.05726872246696035
1 0.1013215859030837 0.76431718061674 0.05726872246696035 0.07488986784140969
1 0.6321585903083701 0.7797356828193832 0.10572687224669604 0.08370044052863436
1 0.711453744493392 0.973568281938326 0.07488986784140969 0.05066079295154185
1 0.9449339207048458 0.09911894273127753 0.10572687224669604 0.0881057268722467
1 0.17180616740088106 0.17841409691629956 0.07268722466960352 0.07929515418502203