1 0.6740088105726872 0.3590308370044053 0.20484581497797358 0.21806167400881057
1 0.22026431718061673 0.3964757709251101 0.22687224669603523 0.1299559471365639
1 0.8546255506607929 0.486784140969163 0.1211453744493392 0.16519823788546256
1 0.44052863436123346 0.6123348017621145 0.05286343612334802 0.08370044052863436
1 0.6828193832599119 0.6806167400881057 0.1145374449339207 0.05506607929515418
1 0.1696035242290749 0.698237885462555 0.06167400881057269 0.022026431718061675
1 0.6189427312775331 0.7180616740088106 0.07048458149779736 0.07709251101321586
1 0.32599118942731276 0.11013215859030837 0.20044052863436124 0.0881057268722467
1 0.933920704845815 0.22466960352422907 0.13215859030837004 0.16740088105726872
1 0.4801762114537445 0.2687224669603524 0.17400881057268722 0.31718061674008813
1 0.8348017621145375 0.2687224669603524 0.12555066079295155 0.2621145374449339
1 0.07048458149779736 0.31497797356828194 0.13876651982378854 0.2599118942731278
1 0.34140969162995594 0.34801762114537443 0.0881057268722467 0.05726872246696035