1 0.02643171806167401 0.2643171806167401 0.05286343612334802 0.04405286343612335
1 0.8876651982378855 0.43392070484581496 0.08370044052863436 0.039647577092511016
1 0.801762114537445 0.43392070484581496 0.07929515418502203 0.048458149779735685
1 0.2775330396475771 0.44933920704845814 0.08370044052863436 0.048458149779735685
1 0.5594713656387665 0.4977973568281938 0.06828193832599119 0.05286343612334802
1 0.7466960352422908 0.5066079295154186 0.07048458149779736 0.048458149779735685
1 0.3634361233480176 0.513215859030837 0.06167400881057269 0.039647577092511016
1 0.0947136563876652 0.5198237885462555 0.06167400881057269 0.03524229074889868
1 0.5154185022026432 0.6035242290748899 0.07048458149779736 0.04405286343612335
1 0.3392070484581498 0.6189427312775331 0.07268722466960352 0.05726872246696035
1 0.2709251101321586 0.7180616740088106 0.05066079295154185 0.03524229074889868
1 0.22026431718061673 0.8876651982378855 0.06828193832599119 0.05726872246696035
1 0.9801762114537445 0.2026431718061674 0.03524229074889868 0.04405286343612335
1 0.4118942731277533 0.22687224669603523 0.06167400881057269 0.048458149779735685
1 0.8810572687224669 0.2290748898678414 0.06167400881057269 0.05726872246696035