1 0.6299559471365639 0.3876651982378855 0.07488986784140969 0.06167400881057269
1 0.5066079295154186 0.4052863436123348 0.07709251101321586 0.07268722466960352
1 0.5484581497797357 0.04405286343612335 0.07048458149779736 0.07048458149779736
1 0.8171806167400881 0.4581497797356828 0.0881057268722467 0.05726872246696035
1 0.29955947136563876 0.46255506607929514 0.07048458149779736 0.06167400881057269
1 0.9052863436123348 0.05066079295154185 0.0947136563876652 0.07929515418502203
1 0.6233480176211453 0.5881057268722467 0.08370044052863436 0.05286343612334802
1 0.11894273127753303 0.5903083700440529 0.07268722466960352 0.048458149779735685
1 0.41409691629955947 0.7202643171806168 0.07048458149779736 0.06828193832599119
1 0.4185022026431718 0.8458149779735683 0.06387665198237885 0.039647577092511016
1 0.3436123348017621 0.9383259911894273 0.07048458149779736 0.039647577092511016
1 0.1299559471365639 0.23788546255506607 0.07709251101321586 0.05286343612334802
1 0.8436123348017621 0.24008810572687225 0.09251101321585903 0.07268722466960352