1 0.6453744493392071 0.32819383259911894 0.05066079295154185 0.028634361233480177
1 0.4008810572687225 0.33259911894273125 0.03524229074889868 0.030837004405286344
1 0.5330396475770925 0.3370044052863436 0.028634361233480177 0.028634361233480177
1 0.36123348017621143 0.4251101321585903 0.03524229074889868 0.04405286343612335
1 0.5572687224669604 0.42731277533039647 0.04405286343612335 0.04405286343612335
1 0.4801762114537445 0.45594713656387664 0.030837004405286344 0.03524229074889868
1 0.6211453744493393 0.460352422907489 0.039647577092511016 0.046255506607929514
1 0.36123348017621143 0.07048458149779736 0.028634361233480177 0.02643171806167401
1 0.2026431718061674 0.07488986784140969 0.03524229074889868 0.039647577092511016
1 0.6784140969162996 0.2687224669603524 0.03524229074889868 0.022026431718061675
1 0.7180616740088106 0.27973568281938327 0.039647577092511016 0.046255506607929514