1 0.4933920704845815 0.3876651982378855 0.04405286343612335 0.01762114537444934
1 0.3766519823788546 0.3920704845814978 0.030837004405286344 0.01762114537444934
1 0.6696035242290749 0.4052863436123348 0.04405286343612335 0.013215859030837005
1 0.5881057268722467 0.40969162995594716 0.028634361233480177 0.013215859030837005
1 0.526431718061674 0.41409691629955947 0.039647577092511016 0.01762114537444934
1 0.44273127753303965 0.4185022026431718 0.02643171806167401 0.01762114537444934
1 0.748898678414097 0.4185022026431718 0.05726872246696035 0.01762114537444934
1 0.3237885462555066 0.42070484581497797 0.02643171806167401 0.013215859030837005
1 0.3920704845814978 0.4251101321585903 0.039647577092511016 0.01762114537444934
1 0.6497797356828194 0.4251101321585903 0.03524229074889868 0.013215859030837005
1 0.5947136563876652 0.43171806167400884 0.048458149779735685 0.01762114537444934
1 0.4911894273127753 0.43832599118942733 0.028634361233480177 0.013215859030837005
1 0.32819383259911894 0.44493392070484583 0.04405286343612335 0.01762114537444934
1 0.2422907488986784 0.44933920704845814 0.030837004405286344 0.019823788546255508