1 0.6079295154185022 0.8149779735682819 0.06167400881057269 0.024229074889867842
1 0.9052863436123348 0.8303964757709251 0.048458149779735685 0.024229074889867842
1 0.1013215859030837 0.8524229074889867 0.06828193832599119 0.02643171806167401
1 0.3876651982378855 0.8766519823788547 0.048458149779735685 0.028634361233480177
1 0.4185022026431718 0.9096916299559471 0.05726872246696035 0.030837004405286344
1 0.16740088105726872 0.9162995594713657 0.048458149779735685 0.03524229074889868
1 0.44713656387665196 0.9317180616740088 0.06167400881057269 0.022026431718061675
1 0.5110132158590308 0.9493392070484582 0.05726872246696035 0.039647577092511016
1 0.2533039647577093 0.9537444933920705 0.06167400881057269 0.030837004405286344
1 0.20704845814977973 0.9559471365638766 0.06167400881057269 0.019823788546255508
1 0.8325991189427313 0.9713656387665198 0.06607929515418502 0.022026431718061675
1 0.711453744493392 0.9713656387665198 0.05726872246696035 0.03524229074889868
1 0.8127753303964758 0.9889867841409692 0.06167400881057269 0.019823788546255508
1 0.3920704845814978 0.9933920704845814 0.06167400881057269 0.00881057268722467