1 0.030837004405286344 0.4955947136563877 0.030837004405286344 0.03524229074889868
1 0.07709251101321586 0.5044052863436124 0.030837004405286344 0.03524229074889868
1 0.1145374449339207 0.5154185022026432 0.02643171806167401 0.03524229074889868
1 0.7533039647577092 0.5220264317180616 0.03524229074889868 0.039647577092511016
1 0.16079295154185022 0.5242290748898678 0.03524229074889868 0.039647577092511016
1 0.8083700440528634 0.5352422907488987 0.028634361233480177 0.04405286343612335
1 0.19823788546255505 0.539647577092511 0.03524229074889868 0.039647577092511016
1 0.6718061674008811 0.5440528634361234 0.028634361233480177 0.03524229074889868
1 0.3039647577092511 0.5506607929515418 0.03524229074889868 0.039647577092511016
1 0.2488986784140969 0.5506607929515418 0.03524229074889868 0.04405286343612335
1 0.566079295154185 0.5594713656387665 0.030837004405286344 0.039647577092511016
1 0.3458149779735683 0.5704845814977973 0.030837004405286344 0.039647577092511016
1 0.4911894273127753 0.5726872246696035 0.03524229074889868 0.04405286343612335
1 0.4118942731277533 0.5837004405286343 0.03524229074889868 0.04405286343612335
1 0.748898678414097 0.6145374449339207 0.03524229074889868 0.046255506607929514
1 0.6960352422907489 0.7048458149779736 0.03524229074889868 0.04405286343612335
1 0.6850220264317181 0.7422907488986784 0.03524229074889868 0.039647577092511016