1 0.07709251101321586 0.31718061674008813 0.06828193832599119 0.06167400881057269
1 0.711453744493392 0.3986784140969163 0.07488986784140969 0.05726872246696035
1 0.5682819383259912 0.4185022026431718 0.05726872246696035 0.05726872246696035
1 0.7555066079295154 0.486784140969163 0.05286343612334802 0.048458149779735685
1 0.539647577092511 0.4977973568281938 0.05286343612334802 0.05947136563876652
1 0.3788546255506608 0.5440528634361234 0.07048458149779736 0.05066079295154185
1 0.5638766519823789 0.05726872246696035 0.06167400881057269 0.06167400881057269
1 0.539647577092511 0.5814977973568282 0.05947136563876652 0.05066079295154185
1 0.6916299559471366 0.5837004405286343 0.05947136563876652 0.05286343612334802
1 0.11894273127753303 0.7444933920704846 0.05726872246696035 0.04405286343612335
1 0.19383259911894274 0.7687224669603524 0.07048458149779736 0.046255506607929514
1 0.44713656387665196 0.7819383259911894 0.05726872246696035 0.05286343612334802
1 0.3722466960352423 0.7841409691629956 0.05726872246696035 0.03524229074889868
1 0.5 0.8105726872246696 0.05066079295154185 0.030837004405286344
1 0.526431718061674 0.8105726872246696 0.05286343612334802 0.03524229074889868
1 0.42731277533039647 0.8193832599118943 0.05286343612334802 0.03524229074889868
1 0.31057268722466963 0.8546255506607929 0.07488986784140969 0.03524229074889868
1 0.2511013215859031 0.8986784140969163 0.05726872246696035 0.030837004405286344
1 0.9251101321585903 0.16740088105726872 0.07488986784140969 0.06828193832599119
1 0.6387665198237885 0.022026431718061675 0.05726872246696035 0.039647577092511016
1 0.8700440528634361 0.2356828193832599 0.07048458149779736 0.07268722466960352
1 0.14317180616740088 0.23788546255506607 0.05286343612334802 0.05286343612334802