2 0.7312775330396476 0.2775330396475771 0.3722466960352423 0.40969162995594716
1 0.43171806167400884 0.2488986784140969 0.028634361233480177 0.05066079295154185
1 0.46255506607929514 0.27312775330396477 0.030837004405286344 0.039647577092511016
1 0.5066079295154186 0.2907488986784141 0.028634361233480177 0.030837004405286344
1 0.41409691629955947 0.4669603524229075 0.015418502202643172 0.03524229074889868
1 0.44273127753303965 0.4647577092511013 0.024229074889867842 0.039647577092511016
1 0.394273127753304 0.4845814977973568 0.028634361233480177 0.028634361233480177
1 0.36784140969163 0.4955947136563877 0.022026431718061675 0.030837004405286344
1 0.3898678414096916 0.5198237885462555 0.015418502202643172 0.03524229074889868
1 0.3568281938325991 0.5242290748898678 0.015418502202643172 0.022026431718061675
1 0.33480176211453744 0.5418502202643172 0.01762114537444934 0.019823788546255508
1 0.3436123348017621 0.5088105726872246 0.01762114537444934 0.01762114537444934
1 0.31277533039647576 0.5286343612334802 0.01762114537444934 0.028634361233480177
1 0.473568281938326 0.46255506607929514 0.01762114537444934 0.01762114537444934
1 0.2444933920704846 0.513215859030837 0.015418502202643172 0.019823788546255508
1 0.4955947136563877 0.4647577092511013 0.019823788546255508 0.024229074889867842
1 0.5110132158590308 0.4185022026431718 0.024229074889867842 0.024229074889867842
1 0.5286343612334802 0.4647577092511013 0.019823788546255508 0.024229074889867842
1 0.5484581497797357 0.45374449339207046 0.019823788546255508 0.028634361233480177
1 0.5682819383259912 0.4251101321585903 0.015418502202643172 0.019823788546255508
1 0.5814977973568282 0.3502202643171806 0.015418502202643172 0.03524229074889868
1 0.5550660792951542 0.3392070484581498 0.015418502202643172 0.028634361233480177
1 0.5198237885462555 0.31277533039647576 0.024229074889867842 0.02643171806167401
1 0.5352422907488987 0.32599118942731276 0.022026431718061675 0.028634361233480177
1 0.6057268722466961 0.4052863436123348 0.024229074889867842 0.030837004405286344
1 0.5969162995594713 0.3656387665198238 0.024229074889867842 0.030837004405286344
1 0.6299559471365639 0.3700440528634361 0.019823788546255508 0.03524229074889868
1 0.711453744493392 0.40308370044052866 0.024229074889867842 0.02643171806167401
1 0.6696035242290749 0.3634361233480176 0.04185022026431718 0.039647577092511016
1 0.6938325991189427 0.3700440528634361 0.03524229074889868 0.037444933920704845
1 0.6343612334801763 0.460352422907489 0.019823788546255508 0.03524229074889868