1 0.36123348017621143 0.2488986784140969 0.07048458149779736 0.028634361233480177
1 0.6960352422907489 0.33259911894273125 0.09691629955947137 0.024229074889867842
1 0.15638766519823788 0.3502202643171806 0.06828193832599119 0.039647577092511016
1 0.28854625550660795 0.381057268722467 0.05286343612334802 0.024229074889867842
1 0.07709251101321586 0.4801762114537445 0.1343612334801762 0.030837004405286344
1 0.9537444933920705 0.5242290748898678 0.046255506607929514 0.03524229074889868
1 0.5682819383259912 0.7290748898678414 0.05286343612334802 0.05286343612334802
1 0.8744493392070485 0.7400881057268722 0.05726872246696035 0.019823788546255508
1 0.1013215859030837 0.7709251101321586 0.06828193832599119 0.039647577092511016
1 0.5440528634361234 0.7731277533039648 0.05506607929515418 0.02643171806167401
1 0.3700440528634361 0.8414096916299559 0.024229074889867842 0.022026431718061675
1 0.4977973568281938 0.8502202643171806 0.03524229074889868 0.01762114537444934
1 0.3392070484581498 0.8568281938325991 0.02643171806167401 0.013215859030837005
1 0.44273127753303965 0.9008810572687225 0.013215859030837005 0.013215859030837005
1 0.8744493392070485 0.9559471365638766 0.04405286343612335 0.02643171806167401