2 0.1211453744493392 0.2599118942731278 0.09911894273127753 0.11233480176211454
2 0.28193832599118945 0.21806167400881057 0.09030837004405286 0.09691629955947137
2 0.4008810572687225 0.31497797356828194 0.06828193832599119 0.10572687224669604
2 0.513215859030837 0.21585903083700442 0.1211453744493392 0.1211453744493392
2 0.7577092511013216 0.21585903083700442 0.17180616740088106 0.10792951541850221
2 0.8105726872246696 0.10352422907488987 0.0947136563876652 0.10572687224669604
2 0.9537444933920705 0.1211453744493392 0.09251101321585903 0.15859030837004406
2 0.8700440528634361 0.4251101321585903 0.12334801762114538 0.16299559471365638
2 0.6960352422907489 0.3568281938325991 0.07488986784140969 0.09911894273127753
2 0.6013215859030837 0.31497797356828194 0.07709251101321586 0.11013215859030837
2 0.42290748898678415 0.0947136563876652 0.0947136563876652 0.0881057268722467
2 0.17400881057268722 0.03524229074889868 0.08370044052863436 0.07048458149779736
2 0.32819383259911894 0.3788546255506608 0.08370044052863436 0.0947136563876652
2 0.2907488986784141 0.5 0.0947136563876652 0.11013215859030837
2 0.07709251101321586 0.41629955947136565 0.14317180616740088 0.1343612334801762
2 0.42731277533039647 0.4955947136563877 0.07709251101321586 0.0881057268722467
2 0.5440528634361234 0.5881057268722467 0.06828193832599119 0.09030837004405286
2 0.5837004405286343 0.45154185022026433 0.06387665198237885 0.10352422907488987
2 0.724669603524229 0.6343612334801763 0.09691629955947137 0.11013215859030837
2 0.46255506607929514 0.9229074889867841 0.11013215859030837 0.15418502202643172
2 0.711453744493392 0.9251101321585903 0.16519823788546256 0.13215859030837004
2 0.8876651982378855 0.8502202643171806 0.10792951541850221 0.13215859030837004
2 0.4185022026431718 0.7158590308370044 0.09691629955947137 0.12334801762114538
2 0.3039647577092511 0.7334801762114538 0.11013215859030837 0.11233480176211454
2 0.22687224669603523 0.9273127753303965 0.14317180616740088 0.13656387665198239
2 0.039647577092511016 0.7797356828193832 0.07709251101321586 0.1696035242290749
2 0.3458149779735683 0.5969162995594713 0.09030837004405286 0.07709251101321586
2 0.5110132158590308 0.5088105726872246 0.03524229074889868 0.05066079295154185
2 0.6431718061674009 0.698237885462555 0.08370044052863436 0.10572687224669604